30 
29 
10 
10 

15 
81 
36 
50 
37 
57 
66 
80 
72 
99 
64 
84 
74 
12 
92 
50 
20 
86 
28 
25 
50 
70 
97 
85 
56 
67 
85 
50 
79 
67 

42 
11 
59 
38 
23 
59 
27 
46 
31 
13 
61 
93 
26 
73 
75 
12 
63 
73 
92 
97 
86 
96 
56 
27 
16 
94 
45 
47 
25 

0 1 1 0 0 1 1 0 0 0 0 1 1 1 1 0 1 1 1 0 1 1 0 0 1 0 1 1 1 1 
1 0 0 0 0 0 1 0 0 1 0 1 0 0 1 1 1 0 1 0 1 1 1 0 0 1 0 1 1 0 
0 0 0 0 1 0 1 1 0 1 0 1 1 1 0 1 0 1 0 1 0 1 0 0 1 1 0 0 1 0 
0 1 1 0 1 1 0 1 1 1 1 0 1 0 1 1 0 0 1 0 0 1 0 1 1 0 1 1 1 0 
0 0 0 1 1 0 1 1 1 1 0 1 1 0 1 0 0 0 0 1 1 0 0 1 1 0 1 0 1 1 
0 1 0 0 1 0 1 0 0 0 0 0 1 1 0 1 0 1 1 0 1 1 1 1 1 1 1 0 0 0 
1 0 0 0 0 1 0 1 0 0 0 0 1 1 0 1 0 0 1 1 1 1 1 0 1 0 1 0 1 1 
0 0 0 0 1 0 0 1 0 1 1 0 1 1 0 1 0 1 0 0 1 1 0 0 1 0 0 1 1 1 
1 1 0 0 1 1 1 1 1 0 1 1 1 1 0 1 1 0 0 1 1 1 1 0 0 1 1 0 1 0 
1 1 0 0 0 1 1 1 1 1 1 0 1 0 0 1 0 0 0 1 1 1 0 0 1 1 0 0 1 0 
0 0 0 0 1 1 1 0 0 0 0 0 0 1 0 0 1 0 0 1 1 1 1 1 1 0 0 0 1 0 
1 1 0 1 1 0 0 1 0 1 0 0 1 0 1 1 0 0 1 0 1 0 1 0 0 0 0 1 0 0 
0 1 1 0 1 0 1 0 0 0 1 1 1 0 1 1 1 0 0 0 1 1 0 1 0 0 1 1 1 1 
1 0 1 1 1 1 0 0 1 0 0 1 0 0 1 0 1 0 1 1 1 0 1 0 1 0 1 0 1 1 
1 0 1 1 0 1 0 0 0 0 0 1 1 1 1 1 1 0 1 0 0 0 0 0 0 1 1 1 1 1 
0 0 0 0 0 1 1 0 1 0 1 1 1 0 1 1 1 1 0 1 1 1 0 1 0 1 0 0 0 1 
0 1 0 1 1 0 0 0 1 1 0 0 0 0 0 1 1 1 1 0 1 1 1 0 1 1 0 0 1 1 
1 0 1 0 0 0 1 0 0 0 1 1 0 0 0 1 1 0 1 1 0 1 1 0 0 1 0 0 1 1 
0 1 0 1 1 0 0 0 0 1 1 0 0 0 1 0 0 1 1 1 0 0 1 0 1 0 0 0 1 1 
1 1 1 0 0 1 1 1 1 0 1 0 0 1 1 0 1 1 1 0 0 0 0 0 0 1 0 1 1 1 
0 0 0 0 1 0 0 1 0 1 0 1 1 1 0 1 0 1 1 1 1 0 1 1 1 0 1 1 0 0 
0 1 1 0 0 0 0 1 0 0 0 0 0 0 1 0 0 1 0 0 1 1 0 1 1 0 1 0 0 1 
0 0 1 1 0 1 1 0 0 1 1 0 1 1 0 1 1 0 0 1 1 1 1 0 1 1 1 1 1 1 
1 1 1 0 0 1 1 0 1 0 1 0 1 0 1 0 1 1 0 0 1 0 1 0 1 0 1 0 0 1 
0 1 0 0 0 1 1 0 0 1 1 1 1 0 1 0 0 0 1 1 0 0 1 0 0 1 1 1 0 0 
1 1 1 1 0 0 1 0 0 0 1 1 0 1 0 0 0 0 1 1 0 1 0 1 0 1 1 1 0 1 
0 1 0 1 0 0 1 0 1 0 0 0 0 1 0 1 0 1 1 0 1 0 0 0 0 1 0 0 0 0 
1 1 0 1 0 0 1 0 1 1 1 1 1 0 0 0 1 0 0 0 0 1 0 0 1 0 1 0 1 0 
0 0 1 1 0 0 0 0 0 0 1 0 1 0 0 1 0 1 1 1 0 0 1 0 1 1 0 1 1 1 
