20 
17 
2 
2 

30 
83 
37 
26 
80 
46 
100 
54 
69 
64 
12 
39 
84 
50 
31 
48 
94 
25 
79 
21 

70 
73 
69 
80 
95 
49 
34 
29 
29 
57 
19 
12 
20 
28 
15 
68 
65 

1 0 0 1 1 0 0 0 1 0 1 1 0 1 0 0 1 0 0 1 
0 1 1 1 0 1 1 0 1 0 1 0 0 0 0 0 1 0 0 0 
1 0 1 0 0 1 1 0 0 1 1 0 0 1 0 1 1 0 0 1 
1 1 0 0 0 1 0 1 1 1 1 1 0 0 0 1 1 1 0 1 
0 0 1 1 0 1 0 0 1 0 0 0 0 0 0 0 1 0 1 0 
0 1 0 0 0 1 0 1 1 0 1 1 0 1 1 0 0 1 1 1 
1 1 1 1 1 0 0 1 0 1 1 0 0 0 0 0 0 1 1 1 
1 0 1 0 0 1 0 1 0 1 0 1 0 0 1 1 0 1 0 1 
0 0 1 1 0 1 1 1 0 1 1 0 1 0 0 0 1 0 1 1 
0 1 0 0 1 1 0 0 1 0 1 0 0 1 0 0 0 0 1 1 
0 1 0 1 1 1 0 1 0 0 0 1 0 0 0 1 1 0 1 1 
1 1 0 0 1 0 1 1 0 0 1 0 1 1 0 1 1 0 0 0 
0 0 0 1 1 1 1 0 1 0 1 1 1 1 0 0 0 0 0 0 
0 0 0 0 1 1 1 0 0 1 0 1 0 0 0 0 1 0 1 0 
0 1 0 0 1 1 1 1 0 1 0 0 1 1 0 1 1 0 1 0 
0 1 1 0 0 0 1 0 0 1 0 1 0 1 0 1 1 1 0 1 
0 0 0 1 0 0 0 0 0 1 0 1 1 0 0 0 0 0 0 1 
