20 
16 
2 
2 

40 
88 
19 
58 
15 
37 
10 
51 
90 
62 
32 
41 
16 
59 
57 
84 
72 
67 
43 
58 

25 
25 
20 
39 
91 
59 
31 
39 
63 
82 
53 
62 
63 
82 
80 
70 

1 1 1 0 1 0 0 0 0 0 0 0 1 1 1 1 0 1 0 1 
1 1 0 0 1 0 1 1 0 1 1 1 1 0 0 0 1 0 0 0 
0 0 0 1 1 0 1 0 1 1 1 1 0 0 1 0 1 1 1 1 
1 0 0 1 0 1 1 1 1 0 0 1 1 0 0 0 0 1 0 0 
1 0 0 0 0 0 1 1 1 1 1 0 1 1 1 1 1 0 1 1 
1 0 0 1 1 1 0 1 1 0 1 1 1 0 1 1 0 0 0 1 
0 1 1 0 1 1 1 0 0 1 1 0 0 0 0 0 0 1 0 0 
0 1 0 0 1 1 1 1 0 1 1 0 0 1 0 1 1 0 1 0 
1 1 1 1 0 0 1 0 0 1 1 1 0 0 1 0 1 0 1 1 
1 0 0 0 0 0 0 1 1 1 0 1 1 0 0 1 0 1 0 0 
0 1 0 1 0 0 0 1 0 1 1 0 1 0 0 1 0 0 1 0 
1 1 0 0 1 0 1 1 0 1 1 1 0 0 1 0 0 0 1 1 
0 1 0 0 0 0 0 1 1 1 1 1 0 1 1 1 0 0 1 0 
1 1 1 0 0 1 0 1 0 0 0 1 1 1 1 1 1 0 0 1 
0 0 0 1 1 1 1 1 0 1 0 1 1 1 0 1 0 0 0 1 
0 0 1 1 0 1 0 0 1 1 0 0 1 0 1 0 1 1 1 0 
