20 
16 
2 
2 

96 
50 
65 
87 
77 
98 
88 
87 
88 
42 
29 
81 
91 
14 
22 
26 
13 
56 
79 
54 

29 
48 
61 
45 
56 
73 
100 
65 
84 
29 
35 
50 
43 
18 
34 
29 

1 1 0 1 1 1 0 1 0 0 1 0 1 1 1 0 0 1 1 0 
1 1 0 0 0 1 1 0 0 0 0 1 1 0 1 0 0 0 0 1 
0 1 0 1 0 0 0 0 1 1 1 1 0 0 1 0 0 1 1 0 
0 1 0 0 1 1 0 1 0 1 1 1 1 0 1 0 1 0 1 0 
1 0 1 0 1 0 0 1 1 1 0 0 0 0 1 0 0 1 1 0 
1 0 0 1 0 0 0 1 0 1 1 1 1 1 0 0 1 1 1 1 
0 1 0 1 0 0 0 1 1 1 1 1 1 1 1 1 0 1 0 1 
1 0 1 0 0 0 1 1 1 0 0 0 0 0 1 0 1 0 0 0 
0 1 1 1 0 0 1 0 1 1 0 1 1 0 0 0 1 0 1 0 
0 0 0 0 0 1 0 1 1 0 1 0 0 1 0 1 1 0 0 0 
1 1 0 1 0 0 1 0 1 1 0 0 0 0 0 0 0 1 1 1 
1 0 0 1 0 1 1 0 1 0 1 0 0 1 1 0 0 1 0 0 
1 0 0 1 1 1 0 0 1 0 1 1 0 1 0 0 0 0 1 0 
0 1 1 0 0 1 0 1 1 0 1 1 0 0 0 0 0 1 1 0 
1 0 1 1 1 0 1 0 0 1 0 0 0 1 0 1 1 0 1 1 
1 1 0 1 1 1 1 1 1 1 1 1 0 0 0 1 1 1 1 0 
