20 
17 
2 
2 

78 
61 
30 
41 
23 
41 
13 
32 
64 
98 
73 
75 
27 
55 
29 
81 
84 
22 
94 
18 

59 
17 
51 
45 
54 
53 
33 
100 
44 
49 
93 
94 
97 
57 
91 
58 
64 

1 0 0 1 0 1 1 1 1 0 1 1 1 0 0 1 1 1 1 0 
1 0 1 0 0 0 0 0 1 0 1 1 1 0 0 0 1 1 0 0 
0 1 0 0 1 1 0 1 1 0 0 0 0 0 1 1 0 0 1 1 
1 1 1 0 0 1 0 1 0 0 1 1 0 0 0 0 1 0 0 1 
1 0 0 1 0 1 0 0 1 1 1 1 1 1 1 1 1 0 0 0 
0 0 0 1 1 1 0 1 1 1 0 0 1 0 0 1 1 0 1 1 
1 0 0 1 1 0 0 1 0 0 0 1 0 1 0 0 0 1 0 1 
1 0 1 0 1 1 1 1 0 0 1 1 1 1 0 0 1 1 1 0 
0 0 1 0 1 1 0 0 0 1 0 0 0 1 1 1 0 0 1 0 
1 0 1 0 0 1 1 0 1 0 0 0 1 1 1 1 1 0 1 1 
0 0 0 1 0 0 0 0 0 1 1 0 1 1 1 0 1 0 0 1 
1 1 0 0 1 0 0 1 0 0 0 1 0 1 0 0 0 0 1 1 
1 0 0 0 1 1 0 1 1 0 1 1 1 0 1 0 0 1 1 0 
1 0 1 0 0 1 1 1 0 0 1 1 1 0 0 0 0 0 1 0 
0 0 0 1 1 1 0 1 0 1 1 0 0 1 1 1 1 0 1 1 
1 1 1 1 1 1 1 1 0 1 1 0 0 1 1 1 0 1 0 0 
0 1 1 0 1 0 0 0 0 0 0 1 0 0 0 1 1 0 0 0 
