20 
17 
2 
2 

69 
44 
65 
71 
72 
96 
67 
56 
17 
45 
36 
22 
10 
47 
54 
11 
60 
17 
47 
38 

80 
64 
47 
40 
12 
18 
87 
54 
32 
79 
59 
45 
68 
25 
74 
13 
64 

0 0 1 1 1 0 0 1 0 1 0 1 0 0 1 1 1 1 1 0 
0 1 0 1 0 0 0 1 1 0 1 1 1 0 1 1 0 1 1 1 
0 0 1 0 1 1 1 0 0 0 0 1 0 1 0 0 1 1 1 0 
1 0 1 0 1 0 0 0 1 1 1 1 0 1 1 1 1 1 0 1 
1 1 0 0 0 1 0 0 1 1 0 1 0 0 0 1 1 1 1 1 
1 1 1 0 1 0 0 1 0 1 1 1 1 0 0 0 0 1 0 0 
0 1 1 1 0 0 0 1 1 1 1 1 0 1 0 1 0 0 0 0 
0 0 0 1 1 0 0 1 0 0 0 1 0 1 1 0 0 0 1 0 
1 1 0 0 1 0 0 1 1 0 1 0 0 0 1 0 1 1 0 0 
0 0 1 0 1 1 1 1 0 0 0 1 0 0 1 1 1 0 1 1 
1 0 1 0 1 1 0 1 1 0 1 0 0 1 1 1 1 1 0 1 
1 1 1 1 1 1 1 0 0 0 0 0 1 1 0 0 0 0 0 0 
0 0 0 1 0 0 1 0 0 0 1 1 1 0 1 0 0 0 0 0 
1 1 0 0 1 1 1 0 1 1 1 1 1 0 1 1 1 1 0 1 
1 0 0 1 0 0 1 0 0 0 1 0 0 0 0 1 0 0 0 0 
1 0 0 0 0 1 1 1 0 1 1 0 0 0 1 1 1 1 1 1 
1 1 0 1 1 1 0 1 1 1 1 1 1 0 0 0 1 0 1 1 
