20 
21 
2 
2 

25 
49 
80 
36 
23 
12 
48 
31 
40 
100 
31 
17 
70 
66 
34 
52 
20 
16 
91 
82 

86 
84 
100 
62 
84 
48 
12 
51 
19 
84 
73 
61 
34 
100 
22 
66 
54 
46 
76 
39 
46 

0 0 0 1 0 0 1 0 0 0 1 0 0 1 1 0 1 0 1 0 
1 1 0 0 0 1 1 1 0 0 1 1 1 0 0 0 0 1 1 0 
1 0 1 1 0 0 0 0 1 0 1 0 1 1 0 1 1 0 1 1 
1 1 1 0 0 1 1 0 1 0 1 0 0 0 1 0 1 0 0 0 
0 1 0 1 0 1 0 1 0 1 0 1 1 0 0 0 1 1 0 0 
1 0 1 1 1 0 1 0 0 0 0 0 0 0 0 1 1 0 0 0 
1 1 1 0 0 1 1 0 1 1 1 1 0 0 0 0 0 0 0 1 
1 0 0 1 1 0 0 0 1 0 0 1 0 0 1 1 1 1 1 0 
0 1 0 1 0 1 1 1 0 0 1 1 1 0 1 0 1 1 0 1 
1 0 1 0 1 1 0 1 1 0 1 1 1 1 1 1 1 1 1 0 
0 1 1 1 1 0 1 1 1 0 1 0 0 0 0 0 0 0 0 0 
0 0 0 1 1 1 1 1 1 1 0 0 1 1 1 1 0 1 1 0 
0 1 1 1 1 0 1 1 1 1 1 0 0 1 1 1 1 0 1 1 
0 1 1 0 0 1 1 0 1 1 0 1 0 0 1 1 0 0 0 0 
0 0 0 0 1 0 0 0 0 0 0 0 0 0 1 1 0 1 1 0 
0 1 1 1 0 1 0 1 0 1 1 0 1 0 0 1 1 0 1 0 
0 0 0 0 0 1 0 0 0 1 1 1 1 0 0 1 0 1 0 0 
0 0 0 1 0 1 1 1 0 1 0 1 0 0 0 1 1 0 1 1 
1 0 0 0 0 0 0 0 1 0 1 0 0 0 0 1 0 0 0 0 
0 0 1 1 0 0 1 0 0 1 1 0 1 1 0 1 0 1 1 0 
0 0 1 0 1 1 0 0 1 1 0 1 0 1 0 0 1 1 1 1 
