20 
19 
2 
2 

68 
96 
16 
80 
85 
14 
84 
90 
75 
10 
99 
41 
18 
45 
10 
77 
96 
84 
41 
44 

81 
17 
59 
24 
36 
14 
40 
77 
86 
74 
27 
99 
45 
55 
79 
72 
75 
29 
79 

0 0 0 0 1 0 1 0 0 1 0 0 1 0 0 1 0 1 1 1 
1 1 0 0 0 1 1 1 0 1 1 1 1 0 1 0 1 1 0 0 
0 1 0 0 1 0 1 1 1 1 1 0 1 1 0 1 0 0 0 1 
0 0 0 1 0 1 0 1 1 0 0 0 0 0 0 0 1 0 1 0 
1 0 0 0 0 1 1 0 1 0 0 0 0 0 1 1 1 0 0 0 
1 0 0 0 0 0 0 0 1 0 1 0 0 1 1 0 0 0 1 1 
1 0 0 1 0 1 0 1 1 0 0 1 1 1 0 1 1 0 0 0 
0 0 1 0 1 0 0 0 0 1 0 1 1 0 0 1 1 1 0 0 
1 0 1 0 0 0 0 1 1 1 1 1 0 0 1 1 0 0 1 0 
0 0 0 0 1 0 0 1 0 0 0 1 1 0 0 0 0 1 0 1 
0 0 0 0 0 0 0 1 0 0 1 0 0 1 1 0 0 1 0 1 
0 0 0 0 0 1 1 0 0 1 0 1 0 1 1 1 1 1 0 1 
0 0 0 1 0 0 0 1 0 0 0 0 1 1 0 0 1 1 1 1 
1 0 1 1 1 1 0 1 1 0 1 1 0 1 0 1 1 1 1 1 
1 1 0 0 1 1 1 1 1 0 1 1 1 1 1 0 0 0 1 1 
0 0 0 1 0 0 1 0 1 1 1 0 0 1 0 1 1 1 0 1 
1 0 0 1 0 1 1 1 0 0 0 0 0 1 0 0 0 1 0 1 
1 0 0 1 0 1 1 1 1 0 1 0 0 1 0 1 0 0 1 0 
1 0 1 0 1 0 0 1 0 1 1 0 1 1 0 0 0 1 1 0 
