20 
23 
2 
2 

16 
91 
49 
21 
62 
86 
49 
73 
72 
73 
80 
68 
97 
19 
82 
85 
34 
86 
58 
57 

18 
93 
70 
25 
29 
52 
49 
90 
30 
63 
35 
57 
33 
58 
38 
59 
32 
18 
27 
23 
91 
37 
34 

0 0 0 1 1 1 0 1 0 0 1 0 0 1 1 0 1 0 1 1 
1 0 0 1 1 0 1 0 0 1 0 1 1 0 1 0 0 1 0 0 
1 1 1 0 1 1 1 0 1 1 0 1 1 1 0 0 1 1 1 0 
1 0 1 1 1 1 1 1 1 0 1 1 0 1 0 1 1 1 1 1 
1 1 1 1 1 0 1 0 1 0 1 1 0 0 0 0 1 1 1 1 
1 1 0 0 1 1 0 1 1 0 1 1 0 0 1 0 1 0 1 0 
1 1 1 0 0 0 0 0 1 1 0 0 1 0 1 1 1 1 0 1 
1 1 0 1 0 0 1 0 0 0 1 0 1 0 0 0 1 1 0 1 
1 1 1 1 1 1 0 1 0 0 1 0 0 0 1 0 1 1 0 1 
1 1 0 0 0 0 0 0 1 1 1 0 1 0 0 0 1 0 1 0 
1 0 1 1 0 1 0 0 0 0 1 1 1 1 1 0 0 1 0 1 
0 1 1 0 1 1 1 1 1 0 0 0 0 1 0 0 1 0 1 1 
0 0 0 0 0 0 0 1 0 1 1 1 1 0 0 0 0 0 0 1 
0 1 0 1 1 0 1 0 0 0 1 0 1 0 1 1 0 1 0 0 
1 0 1 1 0 1 0 0 1 1 1 1 0 1 0 0 0 0 1 1 
1 1 1 1 0 1 0 1 0 0 1 1 0 0 1 0 1 0 1 1 
0 0 0 1 1 0 1 0 1 0 0 1 0 1 1 0 0 1 1 1 
0 0 0 1 0 1 1 1 0 0 0 0 1 0 1 0 1 0 1 1 
0 0 1 0 1 1 0 1 1 1 1 1 1 0 0 0 1 0 1 0 
1 0 1 0 1 0 1 1 0 1 0 1 1 1 0 1 1 1 0 1 
1 0 0 1 1 1 1 1 1 0 0 0 0 1 0 1 1 0 1 1 
1 1 0 1 0 0 1 0 1 1 1 0 0 0 0 1 0 0 0 1 
0 1 0 1 0 0 1 0 1 1 0 0 0 0 1 0 1 0 0 0 
