20 
22 
2 
2 

74 
39 
96 
86 
17 
44 
27 
93 
57 
44 
15 
92 
16 
30 
34 
97 
90 
70 
95 
16 

88 
21 
30 
12 
13 
24 
30 
75 
88 
19 
67 
52 
47 
61 
72 
30 
46 
67 
54 
24 
35 
22 

1 0 1 0 1 1 0 1 0 0 1 1 1 0 0 0 0 1 0 0 
0 0 1 0 1 1 0 1 1 0 1 1 1 0 0 1 1 1 0 1 
0 1 0 1 1 0 1 1 0 1 0 0 0 1 0 0 1 0 0 0 
0 0 1 0 1 1 1 1 1 0 0 1 0 1 0 1 1 0 1 0 
1 1 1 0 1 1 0 1 0 0 1 1 1 1 1 0 1 1 1 1 
1 1 0 0 1 1 0 0 1 0 0 1 1 0 1 0 1 1 1 1 
1 1 0 0 0 1 0 0 1 0 0 0 1 0 0 1 0 0 1 1 
1 0 1 1 0 1 1 1 1 1 1 1 1 1 0 0 1 1 0 1 
1 1 1 1 1 1 1 0 0 1 1 0 1 0 0 0 0 1 0 1 
1 1 0 0 1 1 0 0 1 0 0 1 0 0 0 1 1 1 1 1 
1 1 0 0 1 1 1 0 1 1 1 1 0 1 1 1 0 1 0 0 
1 0 1 0 0 0 0 1 0 0 0 0 0 0 0 1 1 1 1 1 
1 1 0 1 1 0 1 1 1 0 0 0 1 0 1 0 1 0 1 1 
1 1 1 1 1 1 1 1 0 0 1 1 0 1 1 0 0 0 1 0 
1 1 1 1 1 1 1 0 0 1 0 0 1 1 1 1 1 0 0 0 
1 0 0 0 1 1 1 0 0 1 1 0 1 0 1 0 1 1 0 0 
0 1 0 0 1 1 1 1 0 1 0 0 1 1 0 0 0 1 0 0 
1 1 1 0 1 0 0 1 0 0 0 0 0 0 1 1 1 1 0 0 
1 0 0 1 0 1 1 1 0 0 0 0 1 1 0 1 1 1 1 1 
0 1 1 0 0 0 1 1 1 0 1 0 0 0 0 1 1 0 1 1 
0 1 0 0 0 1 1 0 1 1 1 1 0 0 0 0 0 0 1 0 
0 0 0 1 1 0 1 1 1 0 0 1 1 0 1 0 0 0 1 0 
