20 
20 
2 
2 

78 
95 
97 
24 
25 
36 
32 
28 
20 
17 
47 
60 
26 
10 
25 
23 
95 
63 
48 
98 

40 
56 
49 
57 
85 
48 
18 
63 
24 
37 
61 
74 
89 
94 
27 
95 
61 
99 
33 
47 

1 0 1 1 0 1 0 1 1 0 1 1 0 0 0 1 1 0 0 0 
1 1 1 1 0 1 0 1 1 1 0 1 0 0 1 1 0 0 1 1 
0 0 1 1 0 1 1 0 0 1 0 0 1 0 0 0 1 0 1 1 
0 1 1 0 1 1 0 1 1 0 1 0 1 0 1 0 0 1 0 1 
1 0 1 1 1 0 1 1 0 0 0 0 0 1 0 1 1 0 1 0 
0 0 1 1 1 0 0 0 0 1 1 0 0 1 1 0 0 1 1 1 
0 0 0 1 1 0 1 0 1 1 1 1 1 1 0 0 1 0 0 0 
1 0 1 1 0 1 1 1 1 0 0 0 0 1 1 1 0 1 1 0 
1 1 1 1 0 1 1 0 0 1 1 1 1 1 0 1 0 1 0 0 
1 1 1 1 1 1 1 1 1 0 0 0 1 0 1 1 0 0 0 1 
0 1 1 1 0 1 1 0 1 1 1 0 1 0 1 0 1 0 1 1 
0 1 1 0 1 1 0 0 1 0 1 1 0 0 1 0 1 0 0 0 
1 0 1 1 1 0 1 0 1 0 0 0 1 0 1 1 1 0 0 1 
1 0 1 0 1 1 1 0 1 0 1 0 0 1 0 1 0 0 1 1 
0 0 1 1 0 1 1 0 0 1 1 0 1 1 1 1 1 1 0 1 
0 0 1 0 1 0 0 1 0 1 0 0 0 0 0 0 0 0 0 1 
1 0 0 1 0 1 1 0 1 1 1 0 1 1 0 0 0 0 0 1 
0 1 1 0 1 1 0 0 0 0 1 0 0 1 1 0 0 1 0 0 
0 1 1 0 1 1 0 0 0 1 0 1 1 1 0 0 0 1 1 1 
0 1 1 0 0 1 1 0 0 1 1 1 0 1 1 0 0 1 0 0 
