20 
21 
2 
2 

22 
24 
15 
62 
65 
30 
93 
93 
91 
74 
61 
80 
12 
66 
33 
34 
45 
25 
42 
60 

50 
51 
75 
57 
55 
40 
47 
26 
64 
93 
42 
62 
79 
61 
77 
50 
87 
85 
22 
79 
22 

1 1 0 1 1 1 0 1 0 0 0 0 1 1 1 0 1 1 1 1 
0 0 0 0 1 1 1 1 1 1 0 0 1 1 0 1 1 0 0 1 
1 0 0 1 0 1 0 0 1 1 0 1 1 0 0 0 1 0 1 1 
1 0 1 0 1 1 0 1 1 1 1 1 0 1 0 0 0 0 1 1 
1 1 0 0 1 1 1 1 1 0 0 1 1 0 0 1 0 1 0 0 
1 1 0 0 1 1 1 1 1 1 1 1 1 1 1 0 1 0 1 1 
1 1 1 1 0 0 1 1 1 0 0 1 0 0 0 0 0 0 1 1 
1 0 0 1 1 1 0 1 0 0 1 1 1 0 0 0 0 0 1 1 
0 1 1 0 1 0 1 0 1 1 1 1 1 1 1 1 1 1 0 0 
1 0 1 0 1 0 1 0 0 0 1 1 1 0 1 0 0 1 1 0 
1 0 0 1 0 0 1 1 1 0 0 0 0 0 0 1 0 0 1 0 
0 1 1 0 1 0 0 0 1 1 0 0 0 1 0 1 1 1 1 0 
0 1 1 1 0 0 1 1 0 0 0 0 1 0 0 1 0 1 0 0 
1 0 1 0 1 0 0 0 0 0 1 1 0 0 1 1 1 1 0 1 
0 0 0 0 1 0 1 1 1 1 1 1 0 1 0 0 1 0 1 1 
1 1 0 1 1 1 0 1 1 0 0 1 1 1 1 0 1 0 0 1 
1 1 0 0 0 0 1 1 1 0 1 1 1 1 0 0 0 1 0 1 
1 1 1 1 0 0 0 0 1 0 1 0 1 1 1 0 0 0 1 0 
1 1 1 0 0 0 1 0 1 0 1 1 1 1 0 0 1 1 0 1 
0 1 0 0 0 1 1 0 0 0 0 0 1 0 0 0 1 0 0 1 
0 0 1 0 0 0 0 1 0 0 0 1 1 0 0 1 1 0 0 0 
