20 
23 
2 
2 

99 
88 
86 
92 
88 
52 
50 
64 
16 
48 
92 
20 
92 
27 
25 
96 
98 
78 
91 
62 

88 
21 
91 
63 
64 
28 
34 
95 
75 
75 
37 
18 
61 
73 
37 
76 
51 
13 
87 
31 
67 
55 
17 

1 1 1 1 0 1 0 0 1 1 1 1 1 1 1 0 0 1 1 0 
0 0 1 1 0 1 0 0 0 1 0 0 1 0 1 0 0 0 0 1 
1 1 1 0 0 1 0 1 1 0 0 0 1 0 1 1 0 0 1 1 
1 0 0 0 0 1 0 0 1 1 1 1 0 1 0 1 0 0 0 1 
0 0 0 1 1 1 0 1 1 1 1 0 0 1 0 1 1 1 1 1 
0 1 1 0 0 0 0 0 0 1 1 1 0 0 0 0 0 0 0 1 
0 1 1 1 1 1 0 1 0 1 1 0 0 1 1 0 1 1 0 1 
0 1 0 0 0 1 1 0 0 1 1 1 0 0 1 0 1 0 1 1 
1 1 1 0 0 0 1 1 1 1 0 1 1 1 1 0 0 0 1 1 
1 1 0 0 1 0 1 0 1 0 1 0 1 1 1 0 1 1 1 0 
0 1 0 1 1 0 0 0 0 0 1 1 1 1 1 1 0 1 0 1 
1 1 0 1 1 1 1 0 0 1 0 0 0 0 1 0 0 1 0 0 
1 0 1 1 0 1 1 0 0 1 0 1 0 0 1 1 1 1 0 1 
1 0 0 0 0 0 1 1 1 1 1 1 0 0 1 0 0 0 1 1 
1 0 1 1 0 1 0 0 1 0 1 1 1 1 1 0 1 1 1 1 
0 0 1 0 0 0 1 1 1 0 1 1 0 1 1 1 1 1 1 0 
0 0 1 1 0 1 1 1 1 0 1 1 0 1 0 0 1 1 1 1 
0 1 1 1 0 0 0 1 0 0 0 0 1 1 0 1 1 1 0 0 
0 1 0 1 0 0 1 0 0 1 0 1 1 0 1 0 0 0 1 1 
0 0 0 0 0 0 1 0 1 0 1 0 1 0 0 1 1 1 0 0 
0 0 0 1 1 1 0 0 0 1 0 1 1 0 0 1 0 0 1 1 
1 0 0 0 0 0 0 0 0 0 0 0 1 0 1 0 0 0 1 1 
0 0 1 0 0 0 1 1 1 0 1 0 0 0 0 0 0 1 0 0 
