20 
16 
2 
2 

24 
62 
60 
77 
84 
70 
75 
11 
42 
22 
96 
85 
31 
34 
93 
36 
84 
88 
31 
38 

96 
100 
75 
20 
37 
97 
88 
95 
68 
63 
84 
68 
91 
20 
88 
32 

0 0 1 0 0 1 0 0 1 0 1 1 0 1 1 0 1 1 1 0 
1 1 0 0 0 0 0 0 0 1 1 0 0 1 1 1 1 1 1 0 
0 0 1 0 0 0 0 0 1 1 1 1 1 1 0 0 1 1 1 1 
1 0 1 1 0 0 0 0 0 0 1 0 1 1 0 1 1 1 0 0 
0 0 0 1 0 1 0 1 1 1 1 1 1 1 0 0 1 0 0 1 
1 0 0 1 1 1 1 1 1 1 0 1 1 0 1 0 1 0 0 0 
0 0 1 0 0 1 1 0 1 0 0 0 0 1 1 0 1 0 0 0 
1 0 0 1 0 1 1 1 1 1 1 1 1 0 0 0 1 1 1 1 
1 1 0 0 1 1 0 0 1 1 0 1 0 1 0 1 0 0 0 0 
0 1 1 0 1 0 0 1 1 0 0 0 0 1 0 1 0 1 1 1 
1 0 0 1 1 0 1 0 0 0 1 0 0 0 1 1 0 0 0 0 
0 0 1 1 1 0 1 0 0 1 1 1 1 0 0 0 1 0 0 1 
0 1 1 1 0 1 1 0 0 1 0 1 0 0 0 0 0 0 1 0 
1 0 0 1 1 0 0 0 0 1 0 0 0 0 0 1 1 0 1 0 
0 0 0 1 0 1 0 1 1 0 0 1 1 0 0 0 1 0 0 0 
1 1 1 0 1 1 0 0 0 1 1 1 0 0 1 1 0 0 1 1 
