20 
23 
2 
2 

27 
24 
53 
35 
70 
24 
94 
80 
88 
97 
65 
35 
33 
40 
41 
62 
56 
44 
10 
30 

32 
50 
45 
95 
13 
96 
50 
40 
82 
15 
29 
86 
21 
46 
16 
63 
36 
93 
47 
98 
84 
93 
87 

1 1 0 1 0 1 0 0 1 0 0 0 0 1 1 0 0 1 1 1 
1 1 0 1 1 0 1 1 1 0 0 1 1 0 1 1 0 1 1 1 
0 1 0 0 0 1 1 1 1 1 0 0 0 1 1 0 1 0 0 0 
0 1 0 1 1 0 0 1 0 0 0 1 1 0 1 0 0 0 1 1 
1 0 0 0 0 1 1 0 0 0 0 1 0 1 1 0 0 0 0 1 
1 1 0 1 0 0 0 0 0 1 0 1 1 1 0 0 0 0 0 1 
0 0 1 1 1 0 1 1 1 0 0 1 0 1 1 1 1 0 1 0 
1 0 1 0 1 1 1 1 1 1 0 1 1 0 1 1 1 0 0 1 
0 0 0 0 1 1 1 0 1 0 0 1 1 0 1 1 0 1 1 1 
1 1 0 1 0 0 0 1 1 1 0 1 1 1 1 1 0 1 1 1 
0 0 1 1 0 0 1 1 0 1 0 0 0 0 1 0 1 0 0 1 
0 1 0 1 1 0 0 0 0 0 0 1 0 0 0 1 0 1 1 0 
0 1 1 1 0 1 1 1 0 1 0 1 1 1 0 0 1 0 1 1 
0 1 0 1 1 1 1 0 0 1 0 1 0 0 1 1 1 1 0 1 
0 1 1 1 0 1 0 1 0 1 1 0 1 0 1 1 0 1 0 0 
0 0 0 0 1 0 1 0 0 0 0 1 0 0 1 1 1 1 1 1 
1 1 0 0 1 0 1 0 1 1 0 1 1 1 1 0 0 0 0 1 
1 0 0 1 1 1 1 0 0 1 1 1 0 1 1 1 1 0 1 0 
1 0 0 1 1 1 0 0 0 0 1 1 1 0 0 1 0 0 1 0 
1 0 1 0 1 0 0 0 1 0 1 0 0 0 1 0 1 0 0 0 
1 0 1 1 1 0 0 1 0 0 1 1 1 0 1 1 0 1 0 0 
0 1 1 1 1 0 1 1 1 1 1 1 1 1 0 0 0 1 1 0 
1 1 1 0 0 1 1 0 0 0 0 1 1 0 1 0 1 0 1 0 
