20 
23 
2 
2 

39 
44 
37 
61 
73 
26 
45 
37 
76 
94 
87 
46 
15 
16 
93 
58 
52 
32 
53 
71 

98 
98 
57 
90 
84 
82 
61 
67 
46 
62 
68 
25 
51 
88 
51 
86 
16 
100 
26 
67 
26 
35 
51 

1 1 1 1 0 0 0 0 1 0 0 1 1 1 1 1 1 0 0 0 
1 1 0 0 0 0 1 1 1 1 0 0 0 1 0 0 0 0 1 0 
1 1 1 0 0 0 1 1 1 1 0 0 0 0 1 1 0 1 0 0 
0 1 0 1 1 0 0 1 1 1 1 0 0 1 0 1 1 1 1 0 
0 0 0 1 1 0 1 1 0 0 0 0 1 0 1 1 0 0 0 0 
0 0 0 0 1 0 0 1 1 1 1 1 0 0 0 1 1 1 1 1 
1 0 1 0 1 1 0 0 1 0 0 1 0 1 1 1 1 0 1 1 
0 0 1 1 1 1 0 1 0 1 1 1 1 0 0 1 1 1 1 0 
0 1 1 0 1 1 1 1 1 0 0 0 1 1 1 0 0 0 1 0 
0 1 0 1 0 1 0 0 1 0 0 1 0 0 1 1 1 0 1 1 
1 1 0 0 1 0 1 0 1 1 1 1 0 1 1 1 0 1 1 1 
1 1 1 1 0 0 1 0 1 1 0 1 0 1 0 0 0 0 1 1 
0 1 1 1 0 1 0 1 0 0 0 1 0 1 0 1 1 1 0 0 
1 1 1 1 1 0 1 1 0 0 0 0 0 1 0 1 1 0 0 1 
0 1 0 1 1 1 1 1 1 1 0 1 0 0 0 1 0 1 0 1 
1 1 1 0 0 1 0 1 1 0 0 0 1 1 1 0 0 1 0 1 
1 1 1 0 1 0 0 0 0 1 1 0 0 1 1 1 1 1 0 1 
1 0 0 0 0 0 1 0 1 1 0 0 0 1 0 1 0 1 0 0 
1 0 0 0 0 1 0 1 0 0 0 0 1 0 1 1 0 0 1 1 
0 0 0 0 0 1 0 1 0 1 1 1 1 0 0 0 0 0 0 0 
0 1 0 1 1 0 0 1 1 1 1 0 1 0 1 1 1 1 1 1 
0 1 0 0 1 0 0 1 1 0 0 0 1 1 1 1 0 1 1 1 
0 1 1 0 0 0 0 1 0 1 1 0 1 1 1 0 0 0 1 1 
