20 
24 
2 
2 

41 
44 
18 
30 
66 
94 
96 
75 
29 
58 
28 
76 
66 
67 
88 
50 
80 
59 
28 
61 

24 
45 
72 
92 
34 
49 
77 
78 
35 
78 
69 
65 
58 
59 
18 
34 
69 
63 
30 
97 
66 
82 
34 
97 

0 0 1 1 1 1 0 1 1 0 0 1 1 0 0 0 0 0 0 0 
1 0 0 1 0 0 1 1 0 1 0 1 0 0 0 0 0 1 1 1 
0 0 0 1 0 0 1 0 1 1 0 0 1 0 0 1 1 0 0 0 
1 1 0 1 1 1 0 1 1 0 1 0 1 0 0 1 1 1 0 1 
0 0 1 1 0 0 0 0 1 1 0 0 0 0 0 0 1 0 0 0 
1 1 1 1 0 1 0 0 0 1 1 0 1 1 1 1 0 1 1 1 
0 0 1 1 1 0 0 1 0 1 0 0 1 0 1 1 0 1 0 0 
0 0 0 0 0 0 0 1 1 1 1 0 0 1 0 0 0 0 1 0 
1 0 1 0 1 0 0 0 1 0 1 1 0 1 0 1 1 1 1 0 
0 1 1 1 0 1 1 0 1 0 0 0 1 1 1 1 1 0 0 0 
1 0 0 1 0 1 0 0 0 0 1 0 0 1 0 0 1 1 1 0 
0 0 0 0 1 0 1 0 0 1 1 0 0 0 1 0 0 0 0 0 
1 1 0 0 0 1 0 0 0 0 0 1 1 0 0 1 0 1 1 1 
0 1 1 1 1 1 1 1 1 0 0 1 0 0 1 1 1 1 0 0 
1 1 0 0 0 0 1 1 1 1 1 1 1 0 0 0 1 0 0 1 
0 0 1 0 1 0 1 0 0 0 0 1 0 1 1 1 0 1 1 0 
1 1 1 0 0 0 0 0 1 1 0 1 0 1 1 1 0 1 1 1 
0 1 1 0 0 1 0 1 1 0 1 1 0 1 1 1 1 1 1 0 
1 1 1 1 1 1 0 1 1 0 0 0 0 1 1 1 1 0 0 1 
1 1 0 0 0 1 0 1 1 1 1 0 0 0 1 0 0 1 1 1 
1 0 1 0 1 0 0 0 0 0 1 1 0 1 1 0 1 0 1 0 
0 0 1 0 1 0 0 1 1 1 0 1 0 1 1 0 0 1 0 0 
1 0 0 0 1 1 0 0 1 0 0 0 0 0 1 1 0 1 0 1 
0 0 0 0 0 0 1 1 1 1 0 0 0 1 1 0 0 1 1 0 
