20 
18 
2 
2 

78 
89 
73 
81 
92 
76 
36 
35 
74 
59 
100 
98 
87 
38 
71 
15 
57 
27 
94 
100 

19 
44 
88 
90 
21 
63 
59 
93 
56 
31 
62 
72 
51 
31 
64 
55 
49 
43 

0 0 1 0 1 1 1 0 1 0 0 0 0 1 0 1 1 1 1 1 
0 0 1 0 1 0 1 1 0 0 0 0 1 1 0 0 0 0 0 0 
1 0 1 1 0 1 0 1 0 0 1 1 1 1 1 1 1 1 0 0 
1 0 1 1 1 1 0 0 0 1 1 0 1 1 1 1 0 0 0 1 
1 1 0 0 0 1 1 0 1 0 1 1 1 0 0 0 1 0 0 1 
0 0 1 0 1 1 1 0 1 0 1 1 1 0 0 1 0 1 1 1 
0 1 0 0 1 1 1 1 0 1 1 1 1 0 0 1 1 1 0 1 
0 1 1 0 0 0 0 1 1 0 0 0 1 0 1 1 1 0 0 1 
1 1 1 0 0 1 0 1 0 1 1 1 0 1 0 0 1 0 1 1 
1 1 1 0 1 0 1 1 0 0 0 1 1 0 0 1 0 1 0 0 
0 0 1 1 0 1 0 1 1 0 1 0 0 1 1 1 1 0 1 1 
0 1 1 1 1 0 1 1 1 1 1 1 1 0 0 1 1 1 0 0 
0 0 0 1 0 1 1 0 1 0 0 1 1 0 1 0 1 1 1 0 
1 1 1 1 1 0 0 1 1 0 0 0 1 1 1 1 1 0 0 0 
1 1 1 0 1 1 1 0 1 1 0 1 1 1 0 0 0 0 1 0 
1 0 1 1 0 0 1 0 1 0 1 1 0 1 1 0 0 1 1 1 
0 0 1 1 0 0 0 0 1 1 1 0 0 0 1 0 0 0 1 0 
0 0 0 0 1 0 0 0 0 1 1 0 0 0 0 0 1 0 1 0 
