20 
22 
2 
2 

53 
50 
36 
83 
12 
80 
62 
25 
50 
41 
31 
87 
81 
75 
93 
88 
27 
87 
90 
20 

57 
60 
29 
49 
18 
65 
95 
75 
34 
88 
63 
87 
42 
56 
74 
45 
60 
41 
78 
69 
24 
94 

1 0 1 1 0 1 0 1 1 1 1 1 0 0 0 0 0 1 1 0 
1 0 0 1 1 1 1 1 0 0 0 1 1 0 0 1 1 1 1 0 
0 0 1 1 0 1 0 1 0 1 1 0 0 1 0 1 1 0 1 0 
0 1 1 1 0 0 1 0 1 1 0 0 1 0 1 0 0 1 0 0 
1 0 1 1 1 1 0 0 0 0 1 0 1 0 1 0 1 1 1 0 
0 1 0 1 1 0 0 1 1 0 0 0 1 0 1 1 0 0 1 1 
1 1 1 0 0 0 0 1 0 0 1 0 0 1 1 0 0 1 1 1 
0 0 1 1 0 0 0 0 1 1 0 0 0 1 0 1 0 0 1 0 
0 0 1 0 0 0 1 0 1 0 0 0 1 0 0 1 0 1 1 1 
1 1 1 0 0 0 1 0 0 0 1 0 0 0 0 1 1 1 1 1 
0 0 1 0 0 1 1 0 0 0 1 0 0 0 0 1 0 0 0 0 
1 0 1 0 1 0 1 0 0 0 0 0 0 0 0 0 1 0 0 1 
1 1 0 0 1 1 0 0 0 0 1 1 1 0 0 0 1 1 0 0 
1 1 1 0 0 1 1 1 0 1 0 1 1 1 1 1 1 0 1 0 
1 1 1 1 1 0 1 0 0 1 0 0 0 1 1 1 0 0 1 0 
0 0 0 1 1 1 0 0 0 1 0 1 0 1 1 1 0 0 0 0 
1 0 1 0 1 0 1 0 0 0 0 0 0 0 1 0 0 0 1 1 
0 1 0 0 1 1 0 1 1 1 0 1 1 1 0 0 0 1 0 1 
1 0 1 1 0 0 1 0 0 0 0 1 0 1 1 1 1 1 1 1 
0 1 1 0 0 0 1 0 1 0 0 1 0 1 1 0 1 1 0 1 
0 1 0 0 0 0 1 1 0 0 0 1 1 0 0 0 0 0 0 0 
1 0 0 1 0 1 1 1 0 1 1 1 0 1 0 1 0 1 0 0 
