20 
19 
2 
2 

37 
35 
85 
54 
74 
17 
81 
59 
24 
65 
38 
22 
13 
96 
49 
91 
73 
36 
66 
69 

80 
96 
71 
87 
47 
27 
71 
26 
23 
87 
66 
26 
65 
66 
30 
31 
24 
92 
75 

1 1 0 0 1 0 1 1 1 0 1 0 0 0 1 1 1 0 0 1 
0 0 1 1 0 0 0 0 0 0 1 0 1 0 0 1 1 1 1 1 
0 1 0 0 0 1 1 1 0 1 1 0 0 1 1 1 1 0 0 0 
0 0 0 1 1 1 1 1 0 0 1 1 1 1 0 1 0 0 0 0 
1 0 0 0 1 0 1 0 1 1 0 1 1 1 0 1 1 1 0 0 
0 1 0 0 0 1 1 1 1 1 0 1 0 1 1 0 1 1 0 0 
0 1 0 1 0 1 1 1 1 0 0 0 1 1 0 1 0 0 1 0 
1 0 0 1 1 0 0 1 1 0 0 1 1 0 1 0 0 1 0 1 
1 0 1 1 0 0 1 0 1 1 1 1 0 1 1 0 0 1 0 1 
1 0 1 1 1 0 1 1 0 1 1 0 0 0 1 0 0 1 1 0 
1 1 1 0 1 1 0 0 0 1 0 0 1 0 0 1 1 0 1 1 
0 1 0 0 1 0 1 1 1 1 0 1 1 1 0 1 1 1 0 1 
1 0 0 1 1 1 1 1 0 0 1 0 1 0 0 0 1 1 0 1 
1 0 0 1 1 1 1 1 0 0 1 1 0 0 1 1 1 1 0 0 
0 0 0 1 1 0 1 0 0 0 0 0 1 1 1 1 0 0 1 1 
1 1 1 1 0 1 0 0 1 1 0 1 0 0 1 1 1 0 1 0 
0 1 1 0 0 1 0 1 1 0 0 1 0 0 0 0 0 1 0 1 
1 1 0 1 1 1 1 0 1 1 1 1 0 1 0 1 1 0 0 1 
0 1 1 1 1 0 1 0 0 1 0 0 1 1 0 0 1 0 0 1 
