20 
23 
2 
2 

66 
92 
98 
98 
83 
26 
15 
92 
35 
82 
31 
27 
91 
89 
69 
74 
98 
79 
26 
68 

27 
75 
78 
67 
44 
47 
20 
31 
44 
68 
17 
30 
47 
48 
59 
97 
30 
16 
39 
37 
28 
90 
15 

0 0 1 0 0 0 0 0 1 1 0 1 1 0 1 1 1 1 0 0 
1 0 0 0 1 0 1 0 0 1 1 1 1 1 0 0 1 0 1 0 
1 0 0 1 0 1 0 0 0 1 0 0 1 1 0 0 1 0 1 1 
1 1 1 0 0 1 0 0 1 0 1 1 1 1 1 0 1 1 1 0 
1 1 0 0 1 1 0 0 1 0 1 1 1 0 0 1 1 1 1 0 
1 0 0 1 1 0 0 1 0 0 0 1 0 0 0 1 1 0 0 0 
0 1 0 1 0 0 0 1 1 0 0 0 0 0 0 0 1 1 1 1 
0 1 0 0 1 1 0 0 0 0 1 0 1 0 0 1 0 0 0 0 
0 0 1 0 0 0 1 1 1 0 0 1 0 0 1 1 1 0 0 0 
1 0 1 1 0 0 1 0 1 0 0 1 1 0 1 1 1 0 0 0 
1 0 0 0 0 0 0 1 1 1 0 0 1 1 0 1 0 0 0 0 
0 0 1 1 1 1 0 1 0 1 0 0 1 0 0 0 0 0 1 0 
0 1 1 0 1 1 0 0 0 1 1 1 1 0 0 1 0 1 1 0 
1 0 0 0 1 0 0 1 1 0 0 1 1 0 0 1 1 0 0 1 
0 0 1 0 1 1 0 0 0 1 1 1 1 0 1 1 0 1 0 0 
1 1 1 1 1 0 1 1 1 1 1 0 0 1 0 1 1 1 1 1 
1 0 1 1 0 0 0 1 0 0 0 1 1 1 0 0 0 0 1 0 
0 0 1 1 1 0 1 1 0 0 0 0 0 1 0 1 0 0 1 0 
0 0 1 0 1 0 1 1 0 1 1 1 1 0 1 1 0 0 0 0 
0 0 0 0 1 1 1 1 0 1 0 1 0 0 1 1 0 0 0 0 
0 0 1 1 0 1 1 1 1 0 0 0 0 1 1 1 0 0 0 1 
1 1 1 1 1 1 1 0 1 0 0 0 1 0 0 1 0 1 1 0 
0 1 0 0 0 1 1 1 1 1 0 1 1 0 0 1 1 0 1 1 
