20 
18 
2 
2 

85 
79 
12 
81 
64 
64 
73 
100 
88 
54 
33 
19 
51 
27 
82 
41 
84 
30 
34 
86 

77 
49 
33 
52 
19 
38 
57 
44 
56 
21 
32 
51 
86 
69 
75 
59 
29 
42 

0 0 0 0 1 0 1 0 1 0 1 1 0 1 0 0 0 1 0 1 
1 1 1 0 1 1 0 0 0 0 1 1 1 0 0 1 1 1 1 1 
1 1 1 0 0 1 1 0 1 0 0 1 1 0 0 1 1 1 0 1 
0 0 0 0 1 1 0 1 0 1 1 0 0 0 1 1 0 1 1 0 
1 1 0 0 0 1 1 1 0 0 1 0 1 0 1 0 1 1 0 0 
1 0 0 1 1 0 0 0 1 0 1 1 0 1 0 1 0 0 0 0 
1 1 0 0 0 1 0 1 1 0 0 0 1 1 1 0 0 0 1 1 
1 1 0 0 0 0 0 1 1 0 1 0 1 0 1 0 1 1 0 0 
0 0 1 1 0 1 0 1 0 1 0 1 0 0 1 0 1 0 0 1 
0 0 1 1 0 1 0 1 0 1 0 0 0 0 1 1 0 0 1 1 
0 1 1 1 1 1 1 1 1 0 1 0 1 1 1 0 0 0 0 0 
1 1 0 1 1 0 0 1 1 1 1 1 1 1 1 0 1 1 0 1 
1 0 1 0 1 1 1 1 0 1 0 0 1 0 0 1 0 1 1 1 
0 1 1 0 1 1 1 1 1 1 1 0 1 0 0 1 1 1 1 0 
1 1 0 1 0 0 0 0 1 0 0 0 1 0 1 1 0 0 0 0 
0 0 0 1 1 0 0 0 0 1 1 1 0 1 1 1 1 1 0 1 
0 0 0 1 1 0 0 1 1 0 1 0 1 1 1 1 1 0 1 0 
1 0 1 1 1 1 1 1 1 1 1 0 1 1 1 0 0 1 1 0 
