20 
24 
2 
2 

25 
41 
34 
97 
98 
55 
85 
85 
72 
77 
86 
52 
52 
85 
42 
42 
75 
68 
14 
54 

58 
54 
34 
30 
72 
64 
60 
70 
39 
98 
83 
44 
75 
87 
14 
72 
82 
12 
10 
65 
78 
39 
34 
31 

1 1 1 0 0 1 0 0 0 0 1 1 0 0 1 1 0 0 1 1 
0 1 1 1 0 1 0 0 0 0 1 0 0 0 1 1 0 0 0 1 
0 1 1 1 0 0 0 1 0 0 1 0 1 0 1 1 0 0 1 0 
1 0 1 0 1 0 1 1 0 0 0 1 0 0 0 0 1 0 0 1 
1 0 0 0 0 0 0 1 0 0 0 1 0 1 1 1 1 1 0 1 
0 0 1 0 0 0 1 1 1 1 1 0 1 1 0 0 1 1 0 1 
1 0 1 1 1 1 0 1 1 0 1 0 1 0 1 0 0 1 0 0 
0 0 1 1 1 1 1 0 1 1 0 0 0 0 1 1 0 1 0 0 
1 1 1 0 0 0 1 0 1 0 0 1 1 0 0 1 0 0 1 1 
1 0 0 0 0 1 1 0 1 0 0 1 0 1 1 1 0 0 0 0 
1 0 0 0 1 0 1 1 1 0 1 0 1 0 0 1 0 0 1 0 
0 0 0 1 1 1 1 0 0 0 1 1 0 0 0 1 1 1 1 0 
0 1 0 1 0 1 1 1 1 0 1 1 1 0 1 0 0 0 1 0 
1 0 0 0 0 0 1 0 1 1 1 0 0 1 1 1 1 1 1 1 
1 0 1 0 1 1 0 1 0 1 1 1 1 1 1 1 0 1 0 0 
1 0 1 1 1 0 1 0 1 0 0 1 1 0 1 0 0 1 1 0 
1 0 0 0 1 1 0 0 0 0 0 0 1 1 0 0 1 1 1 0 
0 1 0 0 0 1 0 1 0 0 0 0 1 1 0 0 1 0 0 1 
1 1 0 0 0 1 0 0 0 1 0 0 0 1 1 0 1 0 1 1 
1 1 0 1 0 1 1 0 1 1 1 1 1 1 1 0 0 0 0 1 
1 1 0 1 0 1 0 1 1 0 0 0 0 0 0 1 0 0 0 0 
0 0 0 1 1 0 1 1 1 1 1 1 0 0 0 1 1 1 0 1 
1 1 0 0 0 1 0 1 1 1 1 0 0 1 1 0 1 1 0 1 
0 1 0 0 0 0 0 0 1 1 0 0 1 1 1 0 1 0 0 1 
