20 
16 
2 
2 

30 
34 
55 
64 
57 
77 
11 
96 
52 
70 
41 
42 
90 
75 
60 
12 
34 
75 
92 
61 

26 
20 
75 
32 
72 
79 
64 
92 
25 
21 
82 
26 
74 
96 
85 
53 

1 0 0 1 0 0 0 0 0 0 1 0 0 0 1 0 1 0 0 1 
1 0 1 1 0 0 0 0 0 1 1 0 0 0 0 1 1 1 0 0 
0 1 0 1 0 0 1 0 0 1 1 1 0 1 0 1 1 0 0 0 
0 1 0 0 1 0 0 0 0 1 1 0 1 0 0 0 1 0 0 0 
1 1 1 1 0 1 0 1 0 1 0 1 0 1 0 0 0 1 0 1 
0 0 0 0 0 1 1 0 0 0 0 1 0 1 0 0 1 0 0 1 
0 1 1 0 1 0 1 0 1 1 0 0 0 0 0 0 1 0 1 1 
0 1 1 1 1 0 1 0 1 1 0 0 1 0 0 1 1 1 1 1 
0 1 0 0 0 0 0 1 1 1 1 1 0 0 0 1 0 0 0 0 
1 1 1 0 0 0 1 1 0 1 1 0 1 0 0 1 1 1 1 1 
0 0 1 1 1 1 1 1 0 1 1 0 0 0 1 1 0 0 1 0 
1 1 1 1 0 1 1 0 1 1 1 1 0 1 1 0 1 0 1 0 
0 1 0 1 0 1 0 0 1 0 1 1 0 0 1 0 0 0 1 0 
1 0 0 1 1 0 1 1 0 0 1 0 1 0 1 1 1 1 1 1 
1 0 1 0 0 1 0 0 1 0 1 1 0 0 0 0 1 1 0 1 
1 1 0 0 1 1 0 0 0 1 0 0 0 1 1 0 0 1 1 0 
