20 
21 
2 
2 

90 
63 
84 
30 
24 
65 
69 
64 
73 
27 
25 
15 
79 
39 
31 
42 
58 
85 
14 
86 

14 
82 
22 
30 
100 
20 
22 
87 
11 
27 
64 
39 
53 
71 
32 
75 
45 
27 
93 
87 
78 

1 1 0 1 0 1 0 0 0 1 0 0 0 1 1 1 0 1 1 1 
0 1 1 0 0 0 1 1 1 0 1 0 0 1 1 0 0 1 1 0 
1 0 1 1 1 0 0 0 0 0 0 0 0 1 0 0 1 1 0 0 
1 0 0 0 1 1 0 0 1 1 0 0 1 0 1 0 1 1 1 0 
1 1 0 0 0 0 0 0 1 1 0 0 0 1 0 1 1 0 1 1 
0 1 1 0 1 1 0 1 1 0 0 0 1 1 1 1 0 0 0 1 
1 0 1 0 1 0 0 1 0 0 0 1 0 1 1 0 0 0 1 1 
1 1 1 1 1 1 1 0 1 0 1 0 1 0 1 0 1 0 0 0 
0 1 0 1 0 0 1 0 1 1 1 0 1 0 1 0 0 1 0 1 
1 1 0 0 0 0 0 0 0 1 0 1 1 0 1 1 1 0 0 1 
0 1 0 0 0 0 0 1 1 0 1 1 1 1 0 1 1 0 0 1 
0 1 0 0 0 0 0 0 1 1 0 0 0 0 0 1 0 0 0 1 
1 0 1 0 1 1 0 0 1 0 0 1 0 1 1 1 1 1 1 0 
0 0 0 1 0 0 1 1 1 0 1 1 1 1 1 0 0 0 1 0 
1 0 0 0 0 1 0 0 1 1 1 0 0 1 0 0 1 0 1 1 
1 0 1 1 0 0 0 0 0 1 1 0 1 1 1 1 1 1 0 1 
1 0 0 1 1 1 1 1 0 0 0 1 1 1 0 1 0 1 1 1 
1 0 0 1 0 1 0 1 1 1 1 1 1 1 1 1 0 1 0 1 
1 0 1 1 0 0 0 1 0 0 0 1 1 1 1 0 0 1 1 0 
1 0 1 0 1 1 1 0 0 1 1 0 1 0 1 1 1 0 1 0 
1 1 1 0 1 1 1 1 0 1 0 1 1 1 0 0 0 1 0 0 
