20 
17 
2 
2 

21 
39 
71 
65 
90 
38 
39 
33 
51 
72 
75 
23 
71 
23 
80 
16 
18 
24 
15 
57 

93 
61 
55 
34 
91 
18 
53 
52 
74 
92 
46 
78 
43 
56 
73 
35 
81 

0 0 1 1 1 1 1 0 1 1 0 1 0 1 0 1 0 1 1 0 
1 1 0 0 0 1 1 1 1 1 1 0 0 1 1 1 1 0 1 1 
1 0 0 1 1 0 0 0 0 1 0 0 0 0 1 1 0 0 1 0 
1 0 0 0 1 1 1 1 0 1 1 0 0 1 1 1 1 0 0 1 
1 1 0 0 1 1 0 1 0 0 1 1 0 1 1 1 0 1 1 1 
0 1 0 1 1 0 0 1 1 1 0 0 1 1 1 0 1 1 1 1 
0 1 0 1 1 1 1 0 0 1 0 0 1 1 0 0 0 0 0 0 
1 0 1 1 0 1 0 0 0 1 0 1 1 0 0 0 0 1 0 0 
0 1 0 0 1 0 1 0 0 0 0 1 1 1 1 1 0 0 1 0 
0 1 0 0 1 0 0 0 0 0 0 1 1 1 1 1 0 0 1 0 
1 0 0 1 0 0 1 0 0 1 0 0 0 1 0 1 1 0 0 0 
1 0 0 1 1 1 1 1 0 1 1 0 1 0 0 0 0 1 0 0 
1 1 0 1 1 1 0 1 0 0 1 1 1 1 0 0 1 0 1 1 
1 0 0 0 1 1 0 1 0 1 1 0 0 1 1 0 1 0 1 0 
0 1 0 1 1 0 1 0 0 1 0 1 0 0 0 0 1 0 0 1 
0 0 1 0 0 1 1 1 0 0 1 1 0 1 1 1 0 0 1 0 
0 1 1 0 0 1 1 1 1 1 0 0 1 1 0 0 1 1 1 1 
