20 
16 
2 
2 

74 
57 
63 
65 
79 
47 
71 
17 
54 
49 
25 
99 
32 
47 
82 
71 
70 
80 
100 
65 

90 
69 
41 
76 
56 
57 
88 
99 
57 
34 
91 
50 
100 
20 
44 
50 

1 1 1 1 1 0 0 1 1 1 0 0 1 1 1 1 0 1 0 1 
1 0 0 0 0 1 0 0 0 0 1 1 1 1 1 0 0 0 0 0 
1 0 1 0 1 1 0 1 1 1 0 0 1 1 0 1 1 1 0 1 
1 0 1 0 0 1 1 0 1 0 0 0 0 1 1 1 0 0 1 1 
0 0 0 1 1 1 0 0 0 1 0 1 0 0 1 0 1 1 1 1 
1 0 0 1 0 0 1 1 1 0 0 0 1 1 0 1 1 1 1 1 
0 0 0 1 0 0 0 1 0 0 1 1 1 1 1 0 0 0 0 1 
1 0 0 1 1 0 1 0 1 0 1 1 1 1 0 1 1 0 1 1 
1 1 0 0 1 1 0 0 1 1 0 0 0 0 0 0 0 0 0 0 
1 1 1 1 0 1 1 0 0 0 1 0 1 1 1 1 0 1 0 1 
0 1 1 1 1 0 1 1 0 0 0 0 1 0 0 1 0 0 0 1 
0 1 1 0 1 1 0 0 0 0 0 1 1 1 0 1 0 1 1 0 
1 1 1 0 0 1 0 0 1 0 1 1 0 1 0 0 0 0 1 1 
1 0 0 1 0 0 1 0 1 0 1 0 1 1 0 1 0 1 0 1 
0 1 0 1 1 0 1 1 1 0 0 0 0 0 0 1 1 0 1 0 
0 0 1 1 1 1 0 0 0 1 0 1 1 0 0 0 0 0 0 0 
