20 
20 
2 
2 

91 
27 
28 
57 
16 
79 
83 
91 
14 
41 
67 
100 
18 
27 
57 
75 
14 
65 
94 
96 

87 
24 
45 
16 
15 
94 
72 
65 
24 
13 
77 
98 
97 
95 
15 
38 
10 
15 
48 
28 

1 0 0 0 1 0 0 0 0 0 0 0 1 0 0 1 1 1 1 0 
0 0 1 1 1 0 0 1 0 0 0 1 1 1 1 1 0 1 1 1 
0 0 1 1 1 0 0 0 0 1 1 0 0 0 1 0 1 1 0 1 
0 1 1 0 0 1 1 1 1 0 1 0 0 1 0 0 0 0 1 1 
0 1 0 1 1 1 0 0 1 0 0 1 0 0 0 0 0 1 1 1 
1 1 1 0 1 0 1 0 1 1 0 1 1 1 1 0 1 1 1 1 
0 1 0 0 0 0 0 0 1 1 0 1 1 0 1 0 1 1 0 0 
0 0 0 1 0 1 1 1 0 0 0 1 0 0 1 0 0 1 1 1 
0 1 1 1 1 0 1 1 1 0 0 0 1 1 1 0 0 0 1 1 
0 1 1 1 1 0 0 0 0 0 1 1 1 0 0 1 1 0 0 1 
0 0 0 1 0 0 1 1 1 1 0 0 0 0 1 1 0 0 0 1 
1 0 0 0 0 1 0 1 1 0 0 0 0 1 0 0 1 1 1 0 
0 0 1 0 0 0 1 0 1 1 1 1 1 1 0 0 0 1 0 0 
0 1 1 0 1 1 1 0 1 0 1 0 1 0 0 0 1 0 1 0 
0 1 0 1 0 1 1 0 0 1 1 0 0 0 1 0 1 1 0 1 
1 0 1 0 0 1 1 0 0 1 1 0 1 1 1 1 1 1 1 1 
0 0 0 1 0 1 0 0 1 0 0 1 0 1 0 0 1 1 0 0 
1 1 1 1 0 1 1 1 0 1 0 0 0 1 1 0 0 0 1 1 
0 1 1 0 0 0 1 0 0 0 0 0 0 1 0 0 1 1 1 0 
0 0 1 1 1 1 0 1 0 0 0 0 0 0 0 1 1 0 0 0 
