20 
23 
2 
2 

34 
60 
67 
11 
97 
54 
37 
93 
14 
50 
26 
73 
38 
43 
99 
75 
62 
57 
80 
10 

50 
87 
26 
90 
93 
10 
10 
43 
45 
97 
83 
25 
74 
16 
30 
96 
88 
93 
33 
49 
98 
65 
50 

0 1 0 1 1 1 0 1 0 0 1 1 0 1 0 1 1 1 1 0 
0 0 0 0 1 0 1 1 1 1 0 0 0 0 0 0 0 1 0 0 
1 1 0 1 0 1 1 1 1 1 0 1 1 0 0 1 1 1 0 0 
0 0 1 1 1 1 1 1 1 0 1 0 0 0 0 0 0 0 1 0 
1 0 1 1 1 0 1 0 1 0 0 1 0 1 1 1 1 0 1 0 
1 0 0 0 1 0 0 1 1 0 0 1 0 0 1 0 1 0 0 1 
1 0 0 0 0 0 0 1 0 0 1 1 0 1 1 1 0 0 0 0 
1 0 1 1 1 1 1 1 0 1 1 1 0 1 0 1 0 0 1 0 
1 0 0 1 0 0 0 1 0 1 0 0 0 0 1 0 1 0 1 1 
1 0 1 1 1 1 1 1 1 0 0 0 0 1 0 1 1 0 1 1 
0 1 1 1 1 0 0 1 0 0 0 0 1 1 0 0 0 0 0 1 
1 0 1 1 0 1 1 0 0 0 1 1 0 0 0 0 1 1 0 0 
0 1 1 1 0 0 1 1 0 0 0 1 1 0 1 0 0 0 0 1 
0 1 0 0 1 1 0 1 0 0 1 1 0 1 1 1 0 0 0 1 
0 1 0 1 0 0 0 1 1 1 0 0 0 1 1 0 0 0 1 0 
0 1 0 0 1 1 0 1 1 1 0 1 0 0 0 1 1 1 1 1 
1 0 0 0 0 1 0 1 1 0 0 1 0 0 1 1 1 1 0 1 
1 0 0 1 0 1 0 1 1 1 0 1 1 0 1 0 0 1 1 1 
0 1 1 1 1 1 0 0 0 0 0 0 1 0 1 1 0 1 0 0 
0 0 1 0 1 1 0 1 1 0 0 0 1 0 0 1 1 0 0 0 
0 1 0 1 0 0 0 1 1 0 0 0 0 1 0 1 0 1 1 1 
1 0 0 0 0 1 0 0 0 0 0 1 1 0 1 1 1 1 1 0 
0 0 0 0 1 0 1 0 0 1 1 0 1 1 1 1 0 1 0 0 
