20 
19 
2 
2 

29 
40 
81 
90 
88 
46 
66 
43 
27 
30 
99 
41 
37 
40 
24 
97 
34 
94 
95 
37 

45 
24 
59 
40 
84 
14 
73 
19 
89 
98 
66 
63 
71 
44 
42 
50 
88 
66 
72 

0 1 0 0 1 1 0 0 1 0 1 1 1 0 1 1 1 1 1 0 
1 1 1 1 0 1 1 1 0 1 0 0 1 0 0 0 1 0 0 0 
0 1 0 0 1 1 1 1 0 0 1 0 1 0 0 1 1 1 0 1 
0 1 1 0 0 0 0 0 1 0 1 1 0 1 0 1 1 0 0 1 
1 0 0 1 0 1 0 0 1 1 0 1 0 0 1 0 0 1 1 1 
1 0 1 0 0 1 1 0 1 1 0 0 0 1 1 1 0 0 1 1 
0 0 1 1 0 1 1 0 0 1 1 1 0 1 1 1 1 1 1 0 
1 0 0 1 1 1 1 0 0 1 1 0 1 0 1 0 1 0 1 1 
1 1 0 0 1 1 1 1 0 0 0 0 1 0 1 0 1 0 1 0 
0 0 1 0 0 0 1 1 0 1 0 1 0 1 1 0 0 1 0 1 
0 0 0 1 1 0 1 0 1 0 0 0 1 1 1 0 0 0 1 1 
0 1 1 1 1 1 0 0 0 1 0 1 0 0 0 0 0 0 1 1 
0 0 1 0 0 1 1 1 1 0 0 0 0 1 0 0 1 0 0 0 
1 0 0 1 0 1 1 0 1 0 1 0 0 0 1 0 0 1 1 1 
1 0 1 0 0 0 0 1 0 0 0 1 0 0 0 1 1 1 1 0 
1 1 0 0 0 1 0 1 1 0 0 0 1 0 0 1 1 0 1 1 
0 1 1 1 1 1 0 0 1 1 1 0 0 0 1 1 0 1 1 0 
0 0 1 1 1 1 1 1 0 1 1 1 0 0 1 0 1 0 1 0 
0 1 0 1 0 0 0 1 1 1 1 1 1 1 0 1 0 0 0 1 
