20 
20 
2 
2 

81 
50 
26 
35 
67 
60 
34 
73 
46 
78 
59 
75 
73 
21 
49 
61 
63 
25 
74 
67 

91 
92 
59 
85 
90 
31 
62 
48 
80 
91 
86 
72 
74 
33 
11 
61 
17 
90 
61 
11 

0 1 0 0 1 1 0 0 1 0 0 1 0 1 1 1 0 0 1 1 
1 1 1 1 0 0 1 0 0 1 0 1 1 0 1 0 0 0 0 0 
1 1 1 0 0 1 0 0 0 0 1 0 1 0 0 1 0 0 0 1 
1 1 1 0 1 0 1 0 0 0 1 1 0 1 0 0 1 0 1 0 
1 0 1 1 0 1 0 0 0 0 0 1 1 0 0 0 1 0 1 1 
1 0 1 1 1 0 1 0 0 0 1 1 1 1 0 1 1 1 0 0 
1 1 1 0 0 1 0 1 1 1 0 0 0 1 1 0 0 0 0 0 
1 1 0 1 1 0 0 0 0 1 0 1 0 0 0 1 1 1 1 1 
1 0 1 0 0 1 1 1 1 1 0 0 0 1 1 0 1 0 1 1 
1 0 0 1 0 0 0 0 1 0 0 1 1 1 1 1 1 0 1 0 
0 0 0 0 1 1 1 0 1 1 0 0 1 0 0 0 0 0 0 1 
0 1 0 0 1 0 0 1 0 0 1 0 0 0 1 0 1 0 1 0 
0 0 0 0 1 0 0 0 1 0 1 0 0 0 1 1 1 1 0 0 
1 0 0 0 0 0 0 0 1 0 0 0 1 1 0 0 1 0 0 0 
1 1 0 0 1 0 1 0 1 1 1 0 1 1 1 0 1 1 0 0 
0 1 1 1 0 0 1 1 0 1 1 1 1 1 0 1 0 0 0 0 
0 0 0 0 1 0 1 1 0 0 0 1 0 1 0 1 0 0 1 0 
0 1 0 0 1 0 0 1 1 0 1 1 0 1 0 0 1 1 1 0 
1 1 0 1 1 1 1 0 1 1 0 1 0 0 0 1 0 0 1 1 
1 0 0 1 1 0 1 0 0 1 0 0 1 0 1 1 0 0 0 1 
