20 
20 
2 
2 

81 
61 
37 
83 
39 
34 
42 
16 
95 
78 
96 
69 
75 
35 
92 
70 
44 
54 
18 
20 

16 
33 
10 
17 
88 
78 
86 
72 
20 
63 
32 
53 
19 
19 
59 
97 
48 
28 
98 
90 

0 0 1 0 1 0 0 1 0 1 1 0 0 0 0 0 1 1 0 1 
0 0 1 0 0 1 0 0 1 1 0 0 1 0 0 1 0 1 1 0 
1 0 1 0 0 0 0 0 1 0 0 1 1 1 0 0 1 1 1 1 
0 0 1 1 1 1 1 1 0 0 1 0 0 0 1 0 1 1 1 1 
0 1 0 1 1 1 0 0 0 0 1 1 0 0 1 0 0 0 0 1 
0 0 0 0 1 1 1 0 0 0 0 1 0 1 0 1 0 1 1 0 
1 0 0 1 1 0 0 1 0 0 0 1 0 0 0 1 0 0 0 0 
1 1 0 1 0 0 0 1 1 1 0 0 0 0 0 1 0 1 1 0 
0 1 0 0 1 0 1 1 0 1 0 1 1 1 0 0 0 0 0 0 
1 1 1 1 1 1 1 1 0 0 1 0 1 1 1 1 0 1 0 0 
1 1 1 1 0 0 0 1 1 1 0 0 1 0 0 1 0 0 0 0 
1 1 0 0 1 0 0 0 0 1 0 1 1 1 1 0 0 1 1 1 
1 1 1 1 1 0 1 0 1 1 0 0 1 1 0 1 1 0 1 0 
1 1 0 1 1 0 1 1 0 1 0 0 0 0 1 0 1 0 0 0 
1 0 1 0 1 0 1 0 0 0 1 1 1 0 0 0 0 1 1 1 
1 1 1 1 0 0 1 0 0 0 1 0 0 0 1 1 0 1 1 0 
0 1 0 0 0 1 1 0 1 1 0 1 0 1 0 0 0 1 0 1 
1 0 1 1 0 0 1 0 0 0 0 0 1 0 0 0 0 1 0 0 
1 0 0 0 1 0 0 1 1 1 1 1 0 0 1 1 0 1 1 0 
1 1 1 1 1 0 0 0 0 1 0 1 1 1 1 1 0 1 1 0 
