20 
19 
2 
2 

44 
87 
55 
59 
73 
28 
16 
43 
89 
51 
49 
25 
26 
53 
84 
41 
89 
68 
87 
70 

18 
60 
38 
61 
85 
13 
55 
68 
82 
93 
50 
42 
27 
24 
41 
99 
43 
91 
94 

0 1 0 1 0 1 0 0 0 1 0 1 1 1 0 0 0 0 0 1 
0 1 0 1 1 0 0 1 0 1 0 0 0 0 1 1 1 0 1 0 
1 0 1 1 1 1 0 0 1 1 1 0 0 1 1 1 0 1 0 0 
1 0 1 1 0 1 1 0 0 1 0 0 1 1 1 0 0 1 1 0 
1 0 0 1 0 0 0 1 0 1 0 1 1 1 1 0 0 0 0 1 
0 1 1 1 0 1 0 0 0 1 0 1 0 1 0 1 0 1 0 1 
0 0 0 0 0 0 0 1 1 1 0 0 0 1 0 0 1 0 1 1 
1 0 1 0 0 1 1 0 0 0 1 1 1 1 1 1 0 1 1 1 
1 0 0 0 0 0 0 1 1 1 0 1 1 1 0 1 1 0 1 0 
0 0 1 0 0 0 0 1 0 1 0 0 1 1 1 1 0 0 0 1 
0 1 0 1 1 1 0 1 1 1 1 1 1 0 0 1 1 0 1 0 
0 1 1 1 0 0 0 1 0 1 0 0 0 1 0 0 1 0 1 1 
0 0 0 1 0 0 0 0 0 0 1 0 0 1 0 0 0 0 0 0 
0 1 1 0 0 0 0 0 0 1 0 1 0 1 1 0 1 1 1 1 
1 1 1 0 1 0 1 0 0 1 1 1 0 0 1 0 1 1 1 1 
1 1 0 0 0 0 0 1 1 0 1 1 0 0 1 1 1 0 0 1 
1 0 1 0 1 1 0 1 1 0 0 0 1 1 1 1 0 1 0 1 
0 0 0 1 1 1 0 1 0 1 0 1 0 1 0 1 1 0 0 0 
0 1 1 1 1 1 1 0 1 0 1 0 0 0 0 0 0 1 0 0 
