20 
21 
2 
2 

97 
37 
15 
49 
55 
98 
77 
46 
64 
83 
31 
58 
26 
46 
36 
29 
18 
38 
16 
20 

19 
49 
30 
78 
87 
82 
81 
75 
75 
84 
22 
14 
54 
37 
65 
45 
61 
15 
82 
77 
24 

1 1 1 1 1 1 0 0 1 0 0 1 0 0 0 1 0 1 0 1 
0 0 1 0 1 1 0 0 1 0 1 1 0 0 1 0 0 0 0 0 
1 0 0 0 0 0 0 0 1 0 1 1 1 1 0 1 0 1 1 0 
0 0 0 0 1 0 0 1 1 0 0 1 0 0 1 1 0 1 0 1 
0 1 0 0 1 1 0 0 1 0 0 1 1 0 0 0 0 0 1 0 
1 1 0 1 1 1 0 1 0 1 1 1 1 0 0 0 1 0 0 0 
0 1 1 0 0 1 1 1 0 0 1 1 1 0 0 1 1 1 0 1 
0 0 1 0 1 0 1 0 0 0 0 1 1 1 1 1 1 0 0 1 
0 1 1 0 0 0 0 0 0 0 1 1 0 1 0 1 0 0 0 1 
1 0 0 0 0 0 1 1 0 0 1 0 1 1 1 0 0 1 0 1 
0 0 0 1 0 1 1 0 1 0 1 1 1 0 1 1 0 1 1 0 
0 0 1 1 1 0 1 1 1 0 0 0 1 0 1 0 1 1 1 1 
1 0 1 1 1 1 0 0 0 0 0 1 1 1 0 0 0 0 0 0 
1 0 0 0 1 1 1 1 0 1 0 1 0 1 1 0 1 0 0 0 
1 1 1 0 1 0 1 0 1 1 1 1 1 0 1 1 0 1 0 0 
1 1 0 1 0 0 1 0 1 1 1 0 0 1 0 0 1 1 1 0 
1 0 1 0 1 0 0 1 0 1 0 0 1 1 0 0 1 0 0 1 
0 1 0 0 1 0 1 1 0 0 0 0 0 0 1 0 0 1 1 0 
0 1 1 0 0 0 1 0 0 1 0 0 1 0 1 1 0 0 0 1 
0 0 1 0 0 1 0 0 0 1 0 1 1 1 1 0 1 0 1 0 
0 0 1 0 0 0 1 1 0 0 1 1 0 1 0 1 0 0 0 1 
