20 
21 
2 
2 

99 
46 
86 
52 
59 
66 
40 
99 
33 
95 
14 
48 
85 
62 
20 
19 
91 
50 
59 
63 

59 
17 
42 
38 
88 
85 
55 
83 
53 
27 
86 
37 
34 
87 
52 
62 
97 
36 
89 
17 
81 

0 1 1 1 1 0 1 0 1 0 1 1 1 1 0 0 0 0 1 1 
0 1 1 0 1 1 0 0 1 0 0 0 1 1 1 0 0 1 1 1 
1 0 1 1 1 0 1 0 0 0 1 0 0 1 0 0 1 0 1 0 
0 0 0 1 1 1 0 0 1 1 0 0 1 0 0 1 0 0 0 0 
1 0 0 1 1 1 0 0 0 1 0 1 1 1 1 0 1 1 0 0 
1 0 1 0 0 0 1 1 0 0 0 1 0 0 1 0 0 1 0 0 
0 1 0 1 1 1 1 0 1 0 0 1 1 0 0 1 1 0 0 0 
1 0 0 1 1 1 1 1 0 0 0 0 0 0 0 1 1 0 1 1 
1 0 0 0 0 1 0 1 0 0 0 0 0 0 1 1 1 0 1 1 
1 0 0 1 1 0 0 1 0 0 1 1 1 0 0 1 0 1 0 1 
0 1 0 0 1 0 0 1 1 1 0 0 1 1 1 1 1 1 0 1 
1 0 0 1 0 1 1 0 1 1 0 0 1 1 1 1 0 0 0 1 
0 0 0 1 1 1 0 1 0 1 1 1 0 0 0 1 1 0 1 1 
0 0 0 1 1 1 0 1 0 0 0 0 1 1 1 0 0 0 0 1 
1 0 0 1 1 0 0 0 0 1 1 0 0 0 0 1 1 0 0 1 
0 0 0 1 1 0 0 1 1 0 0 0 1 1 1 0 1 1 0 0 
1 1 1 1 1 1 0 0 0 1 1 1 0 0 1 1 0 0 0 0 
0 0 0 1 1 1 1 1 1 0 1 0 0 1 1 1 1 0 0 0 
0 1 0 1 1 0 0 1 0 0 1 0 1 1 1 1 1 0 0 0 
0 1 0 1 0 0 0 1 1 1 0 1 0 0 0 0 1 0 0 0 
1 0 0 0 1 1 0 0 1 1 0 0 0 0 0 0 1 1 1 0 
