20 
24 
2 
2 

30 
64 
48 
79 
10 
42 
92 
51 
99 
88 
99 
94 
37 
86 
21 
81 
32 
18 
95 
85 

57 
89 
62 
50 
71 
48 
68 
65 
19 
97 
79 
71 
39 
12 
83 
98 
35 
69 
34 
27 
48 
70 
57 
87 

0 1 0 0 0 1 1 1 0 1 1 0 1 0 0 0 0 1 0 1 
1 0 1 0 1 1 0 0 0 0 1 0 1 0 0 0 1 1 1 1 
0 1 1 1 1 1 0 0 1 0 1 1 1 0 0 1 1 1 1 1 
0 0 1 1 1 1 0 0 1 0 0 1 0 1 1 1 0 1 1 0 
1 0 0 1 0 1 1 0 1 0 1 0 1 1 0 1 0 1 1 0 
1 0 1 1 1 1 1 1 0 0 0 1 1 1 1 0 0 1 1 1 
1 0 0 0 0 0 0 1 1 0 1 1 1 0 1 1 1 0 1 1 
0 0 0 0 1 1 0 1 0 0 1 1 0 1 0 1 0 0 1 0 
0 1 0 0 0 1 0 1 1 1 1 1 1 1 0 0 1 1 1 1 
1 1 1 0 1 1 0 0 0 0 1 0 1 0 0 1 0 0 1 1 
1 1 1 0 0 1 1 0 1 0 1 1 0 0 1 1 0 0 0 1 
0 1 0 0 0 0 0 1 0 0 1 0 0 1 0 1 0 1 1 0 
0 1 1 1 1 1 1 0 0 1 1 1 0 0 1 1 0 1 1 0 
0 1 0 1 0 0 0 0 1 1 0 1 1 0 0 1 1 1 1 1 
1 1 1 0 1 0 0 1 0 1 1 0 0 0 1 1 0 0 0 0 
1 0 0 1 0 1 0 1 1 0 0 1 1 0 0 0 1 1 1 0 
1 1 0 0 1 0 1 1 1 1 1 0 0 0 1 1 0 1 0 0 
0 1 1 0 0 0 0 0 1 0 0 1 0 1 0 1 1 0 1 0 
1 1 0 0 1 0 1 1 1 1 0 0 1 0 0 0 0 1 1 1 
1 0 1 0 0 0 1 1 1 1 0 0 0 1 0 1 0 1 0 0 
1 1 1 1 0 0 0 1 0 0 1 0 1 0 1 0 1 0 0 0 
0 0 1 0 0 0 0 1 0 0 0 0 1 1 1 1 0 1 0 0 
1 0 0 0 1 0 0 1 1 1 1 0 0 0 1 0 0 1 0 0 
0 0 1 1 1 0 1 1 0 1 0 1 0 1 1 1 1 0 0 1 
