20 
17 
2 
2 

78 
65 
83 
74 
22 
34 
23 
30 
31 
72 
23 
50 
73 
18 
90 
89 
86 
34 
81 
73 

55 
86 
46 
25 
43 
100 
40 
55 
59 
32 
83 
27 
17 
18 
41 
81 
71 

0 1 1 0 1 1 0 1 1 0 1 1 0 1 0 1 0 1 1 0 
0 0 0 1 0 0 0 0 0 1 1 0 0 0 0 0 0 1 1 0 
0 0 0 0 0 0 1 0 0 0 0 0 1 1 1 1 1 0 0 1 
1 1 1 1 1 1 1 0 1 1 0 0 0 0 0 1 0 0 1 1 
0 1 0 0 0 1 0 1 0 1 0 0 0 0 1 1 1 0 1 0 
1 1 0 0 0 0 0 0 0 0 0 0 1 0 1 0 1 0 0 0 
1 1 0 1 0 0 0 1 1 1 0 1 0 0 0 0 1 0 0 1 
1 1 0 1 0 1 0 0 0 1 0 0 0 1 0 0 0 0 1 0 
1 1 0 0 0 0 1 0 1 0 0 1 0 0 0 1 0 0 1 1 
0 0 1 1 1 1 1 0 1 0 1 1 1 0 0 0 0 0 1 0 
0 0 0 0 0 1 1 0 1 1 0 0 1 0 0 1 0 0 0 0 
1 0 0 0 0 1 0 0 0 0 0 1 1 0 0 0 0 0 1 1 
0 1 0 1 1 0 1 1 1 1 0 0 1 1 0 0 0 1 0 0 
1 0 0 1 0 1 1 0 0 1 0 1 0 0 1 0 0 1 1 0 
1 1 1 0 1 0 1 1 0 1 0 0 1 1 1 1 0 1 0 1 
1 0 1 0 0 1 0 1 1 0 1 0 0 0 0 0 1 0 1 1 
0 1 1 1 1 1 0 0 1 0 1 1 0 1 1 0 0 1 1 0 
