20 
18 
2 
2 

34 
98 
100 
100 
62 
64 
20 
83 
31 
100 
60 
49 
17 
49 
89 
47 
77 
29 
89 
60 

27 
49 
78 
52 
35 
90 
41 
93 
83 
45 
25 
26 
12 
13 
39 
19 
58 
47 

0 0 1 1 1 0 1 1 1 0 0 1 1 0 0 0 0 1 1 0 
0 0 0 0 0 0 0 1 1 1 1 0 0 1 0 1 1 1 0 0 
1 0 0 1 1 0 0 1 0 0 1 0 1 1 0 1 0 0 1 0 
0 1 0 0 1 0 0 0 0 0 0 1 1 1 1 1 0 0 0 1 
0 0 0 1 0 0 1 1 0 1 0 0 1 1 1 0 1 1 1 1 
1 0 1 1 0 1 0 1 0 0 1 1 0 0 1 0 1 0 1 1 
1 0 0 1 1 0 1 0 0 0 0 0 1 1 1 0 0 0 1 1 
1 1 1 0 0 0 1 0 0 0 1 1 0 0 1 0 0 0 0 1 
1 1 0 0 0 1 0 1 1 0 1 0 1 1 0 1 0 1 0 0 
1 1 0 1 1 0 1 0 1 0 0 1 0 1 1 1 1 0 0 1 
1 1 1 0 1 0 1 1 1 0 0 1 0 0 1 0 1 1 1 1 
0 0 1 0 1 1 0 1 0 0 0 1 1 0 1 0 0 0 0 1 
1 1 1 1 0 0 1 1 0 0 0 1 1 1 0 1 0 1 1 1 
0 1 0 0 1 0 0 1 0 0 0 0 1 1 1 0 1 1 0 0 
0 0 1 0 0 1 0 0 1 0 0 0 0 0 0 1 0 1 1 0 
0 0 1 0 1 0 0 1 1 1 1 0 1 1 0 1 0 0 0 0 
1 0 0 0 0 1 0 1 1 1 1 0 0 0 1 0 1 1 0 1 
0 1 1 0 0 1 0 1 1 0 0 1 0 1 1 0 0 1 0 0 
