20 
23 
2 
2 

27 
51 
66 
98 
28 
64 
92 
32 
80 
67 
81 
90 
43 
63 
56 
66 
69 
11 
57 
73 

93 
52 
33 
23 
98 
90 
17 
60 
95 
39 
84 
28 
50 
36 
16 
91 
50 
15 
40 
91 
91 
91 
49 

1 0 0 0 0 0 1 0 0 0 0 1 0 0 1 1 1 0 1 0 
0 1 0 1 1 0 1 0 0 1 0 1 1 1 1 1 1 1 1 1 
0 0 0 1 0 1 1 1 1 1 1 1 0 1 1 1 1 1 0 1 
1 0 0 1 1 0 1 1 0 0 0 0 0 1 0 1 0 1 0 1 
1 0 1 0 0 1 0 0 0 0 1 0 1 0 0 0 1 1 1 0 
0 0 0 0 1 1 1 0 0 0 1 0 1 0 1 1 1 0 1 1 
1 1 1 1 1 1 1 1 0 1 0 0 0 0 0 1 1 1 1 1 
1 1 0 1 0 1 1 0 0 1 0 0 1 1 0 0 1 1 1 1 
0 0 0 0 0 1 0 1 0 0 0 1 1 1 0 0 1 1 0 1 
1 1 1 1 1 1 1 0 1 1 0 0 1 1 0 0 1 0 0 0 
1 1 0 1 1 1 1 1 1 0 0 1 0 0 1 0 1 1 1 0 
0 0 0 0 0 0 0 0 0 0 1 1 0 1 0 0 1 1 0 1 
0 0 0 1 1 0 1 1 0 1 0 1 0 1 1 0 1 0 1 1 
1 0 1 0 1 1 1 0 0 0 0 1 0 0 1 1 0 1 0 0 
0 1 1 1 0 0 1 1 1 0 1 1 0 1 1 0 1 1 1 1 
1 0 0 1 0 1 0 0 1 1 0 0 0 0 1 1 1 0 1 0 
1 0 0 0 1 0 1 1 1 0 1 1 1 0 1 0 1 0 1 0 
1 0 1 0 1 1 0 1 1 1 0 0 1 0 1 1 0 0 1 1 
0 1 1 1 1 0 1 1 1 1 0 1 1 0 0 1 1 0 0 0 
1 1 0 0 0 0 1 1 1 0 0 0 1 0 0 0 1 0 0 1 
1 0 0 0 0 1 0 0 1 1 1 1 1 0 0 1 0 0 1 1 
0 0 0 0 0 1 1 0 0 1 1 1 1 0 0 0 0 0 1 0 
0 1 0 1 1 0 0 0 1 0 1 0 1 1 0 0 1 0 1 0 
