20 
24 
2 
2 

44 
70 
100 
91 
79 
45 
65 
33 
54 
33 
31 
91 
67 
24 
25 
67 
32 
99 
59 
89 

60 
38 
47 
69 
94 
10 
93 
14 
69 
61 
58 
67 
20 
91 
84 
66 
58 
16 
98 
53 
24 
62 
75 
31 

1 1 0 0 1 1 1 0 0 0 1 1 1 1 1 1 1 1 0 1 
0 0 1 1 1 1 0 0 0 0 1 1 0 1 1 0 0 0 1 1 
1 0 1 1 1 1 1 1 1 0 0 0 0 0 0 0 0 0 0 0 
1 0 1 0 0 1 0 0 0 1 0 1 0 0 1 0 1 0 1 1 
1 0 0 1 1 0 0 1 1 1 1 1 1 1 1 0 0 0 1 1 
1 1 1 1 1 1 0 0 0 0 0 1 1 1 0 1 1 1 1 1 
1 1 1 0 0 0 0 0 1 1 0 1 0 0 0 0 0 1 1 0 
1 1 0 1 1 1 0 1 1 0 1 1 0 0 0 1 0 0 1 0 
0 1 0 0 1 0 1 0 0 1 0 0 1 1 0 1 0 1 1 0 
0 1 0 1 1 1 1 1 1 0 1 1 1 1 1 0 0 0 0 0 
1 1 1 0 1 1 1 0 1 1 1 1 1 0 1 1 1 0 0 0 
0 1 0 0 0 1 1 1 0 0 0 0 0 0 1 0 1 1 1 1 
1 0 0 1 0 1 0 1 1 0 0 1 1 1 0 1 1 0 1 0 
1 1 0 1 0 1 1 0 1 1 0 1 1 1 1 0 0 1 0 0 
1 0 0 0 1 0 1 0 1 1 1 1 1 0 0 0 0 0 1 1 
0 0 1 0 1 0 1 0 1 1 0 0 0 0 0 0 0 0 1 0 
0 1 1 1 0 0 0 0 0 1 1 0 1 1 1 1 1 1 1 0 
1 0 1 1 1 0 0 0 1 1 0 0 1 1 0 1 0 0 0 0 
1 0 0 1 1 0 0 0 1 0 0 1 0 0 1 1 0 0 0 0 
1 1 1 0 1 1 0 1 1 1 1 1 1 0 1 0 0 0 1 0 
1 1 1 1 0 0 1 1 0 0 0 1 1 1 0 0 0 0 0 0 
1 0 0 0 0 0 0 0 1 1 1 0 1 0 0 1 1 0 1 1 
1 1 1 1 0 0 1 0 0 0 1 1 0 0 1 1 1 0 1 0 
1 1 1 0 0 1 0 0 1 0 0 1 1 1 0 0 0 0 1 0 
