20 
24 
2 
2 

61 
100 
84 
94 
48 
34 
67 
89 
38 
46 
71 
14 
73 
36 
21 
19 
71 
33 
11 
85 

54 
78 
90 
86 
36 
30 
79 
69 
18 
24 
43 
49 
67 
25 
44 
68 
34 
35 
96 
57 
14 
10 
69 
96 

1 0 1 0 1 1 1 1 1 1 1 0 1 1 0 1 0 0 1 0 
0 0 1 1 0 0 0 0 1 0 1 1 0 1 0 1 1 0 0 1 
0 1 1 1 0 0 0 1 0 0 1 1 1 0 0 1 1 1 1 0 
1 1 0 1 1 1 0 0 0 0 0 1 0 1 0 1 1 1 0 1 
0 1 0 0 0 0 1 0 1 1 0 0 1 0 1 0 0 1 0 1 
1 0 0 1 1 1 1 0 1 1 0 0 0 0 1 1 0 1 0 1 
0 1 0 0 1 0 0 1 1 0 0 1 0 0 1 0 0 1 0 1 
1 1 0 1 0 1 0 1 1 1 0 1 0 1 1 1 0 0 0 0 
0 1 0 0 1 1 0 1 1 1 0 0 0 1 0 0 1 1 1 1 
0 0 0 1 0 1 1 1 0 0 1 0 1 0 1 0 0 1 1 0 
0 0 0 0 1 0 1 1 0 0 0 0 1 1 1 1 0 1 1 0 
1 1 0 0 1 0 0 1 1 1 1 0 1 0 1 1 0 1 1 1 
1 1 1 1 1 1 0 0 0 1 0 0 1 0 1 1 1 0 0 1 
1 1 1 0 1 0 1 1 0 1 0 0 1 0 0 0 0 0 1 1 
0 1 0 1 0 0 1 1 1 0 1 0 0 0 0 1 1 1 1 0 
0 0 0 1 0 0 1 1 0 1 0 1 1 1 0 0 0 1 0 0 
1 1 0 1 1 0 0 0 1 0 1 0 0 1 0 1 0 1 1 1 
0 0 1 1 0 1 0 1 0 0 1 1 0 1 0 0 1 0 1 1 
1 1 0 0 1 0 1 0 1 1 1 1 0 1 1 1 1 1 1 0 
1 0 1 1 1 1 1 0 0 1 1 1 0 1 0 0 1 0 1 1 
1 0 1 1 0 0 0 1 0 1 0 0 1 0 1 0 0 1 0 1 
0 1 0 0 0 1 0 0 0 0 1 1 1 0 0 0 0 0 1 1 
0 1 1 0 0 1 1 1 1 1 0 0 1 1 0 1 0 1 1 1 
1 1 0 0 1 1 1 0 1 0 1 1 0 1 1 0 1 1 1 0 
