20 
19 
2 
2 

54 
14 
62 
90 
66 
25 
70 
51 
33 
95 
52 
39 
31 
11 
27 
78 
37 
72 
61 
33 

53 
71 
50 
33 
36 
51 
31 
42 
57 
71 
26 
64 
33 
53 
68 
52 
15 
81 
23 

0 1 1 0 0 0 0 0 0 0 0 0 0 0 1 0 0 1 1 1 
1 0 1 0 1 0 1 1 1 0 0 0 0 1 0 1 0 1 0 1 
1 1 0 1 0 1 0 0 1 0 0 1 1 0 1 0 1 1 0 1 
0 1 1 1 1 1 1 1 1 1 0 1 1 1 1 1 0 1 0 1 
0 0 0 1 1 1 1 0 1 0 0 0 1 0 0 1 0 0 1 0 
0 1 1 0 0 1 1 0 0 0 1 1 1 1 0 1 0 1 0 1 
1 1 0 1 1 0 1 1 1 1 0 0 0 1 0 0 1 1 0 0 
1 0 0 1 1 0 0 0 0 0 0 0 1 1 0 0 0 0 0 1 
1 1 0 0 1 0 0 0 0 1 0 1 1 0 0 1 0 1 0 0 
0 0 1 1 1 0 0 1 1 0 0 0 1 0 1 0 0 1 1 0 
1 0 0 0 1 0 0 0 1 0 0 0 1 0 0 0 0 1 1 0 
0 0 0 1 0 1 1 0 1 1 1 0 0 0 1 0 1 0 1 1 
0 0 0 0 1 0 0 0 0 0 1 1 0 0 1 1 0 1 1 1 
0 1 1 0 1 0 1 1 1 0 0 0 0 1 0 1 1 1 0 0 
1 1 1 1 0 0 1 1 1 0 0 1 0 1 0 1 0 0 1 1 
0 0 1 0 1 0 0 1 0 1 1 1 1 1 1 0 0 1 0 0 
1 0 0 1 1 0 1 1 0 0 1 0 0 0 1 0 0 1 0 0 
1 1 0 1 0 1 1 1 1 0 0 0 1 1 1 0 0 1 1 0 
1 1 0 0 1 1 1 1 0 0 1 0 1 1 1 1 0 1 1 1 
