20 
20 
2 
2 

43 
50 
42 
67 
59 
41 
11 
59 
12 
18 
87 
85 
90 
63 
12 
63 
26 
67 
27 
33 

99 
46 
59 
23 
70 
96 
65 
93 
14 
95 
18 
91 
80 
34 
41 
53 
26 
17 
63 
81 

0 1 0 1 0 0 1 1 1 0 0 1 1 0 0 0 0 0 0 1 
1 1 0 0 0 0 0 1 0 1 1 0 1 1 0 0 0 0 1 1 
0 1 0 0 0 0 1 1 0 1 1 1 0 0 0 1 1 0 1 0 
1 1 1 1 0 0 1 0 1 1 0 0 1 1 0 1 0 0 1 0 
1 1 0 0 1 0 1 0 0 1 1 1 0 0 1 0 0 1 1 1 
0 0 1 0 1 0 1 1 0 1 1 0 0 0 1 1 1 0 0 0 
1 1 1 0 1 1 1 0 0 1 1 1 1 0 1 1 1 1 1 0 
1 1 1 1 0 1 1 0 0 0 1 0 1 1 0 0 1 1 1 1 
0 0 1 1 0 1 0 1 1 1 0 1 0 0 1 0 0 0 1 0 
1 1 0 1 1 0 0 1 1 0 1 1 0 1 1 0 0 0 0 0 
0 1 1 0 1 0 1 0 0 1 0 0 1 0 1 0 0 1 0 0 
0 0 1 1 1 1 0 1 1 1 1 1 0 1 1 1 0 0 0 1 
0 0 0 1 0 1 0 0 1 0 0 0 0 1 0 0 1 1 1 1 
1 1 1 1 1 0 0 0 0 0 0 0 1 1 0 1 1 1 1 0 
1 1 1 1 1 0 1 1 1 0 1 1 0 0 1 0 1 1 0 1 
1 1 1 1 0 1 0 0 0 0 1 1 0 1 1 1 1 1 1 0 
0 1 0 0 0 0 0 0 1 0 1 1 0 0 0 0 0 0 1 1 
0 0 0 1 1 1 1 1 1 1 0 0 1 1 0 1 0 0 1 0 
1 1 1 1 1 0 1 0 0 1 1 0 1 0 1 0 1 0 1 1 
0 0 1 0 0 1 1 1 1 0 0 0 0 1 0 1 0 0 1 0 
