20 
16 
2 
2 

37 
81 
55 
20 
19 
88 
88 
46 
78 
25 
95 
14 
88 
61 
89 
91 
22 
33 
28 
82 

13 
82 
87 
35 
21 
67 
89 
41 
77 
45 
57 
91 
27 
78 
18 
64 

1 0 0 0 0 0 1 1 0 0 1 0 0 0 1 1 1 0 1 0 
1 0 1 0 0 1 0 1 0 0 1 1 0 1 1 1 1 1 0 0 
0 1 0 1 1 1 1 0 1 0 1 0 1 0 0 0 0 1 1 0 
0 0 1 0 0 1 0 0 0 1 1 0 1 1 1 0 0 0 0 1 
1 1 0 1 0 0 1 1 1 0 1 1 1 1 1 1 0 1 1 1 
0 0 1 1 0 0 1 0 0 0 1 1 0 0 1 1 0 0 1 0 
1 1 0 0 0 1 1 1 0 1 1 1 0 0 0 0 0 1 0 1 
0 0 0 1 1 1 0 1 1 1 1 1 0 0 0 1 1 1 1 0 
0 0 1 0 0 0 0 1 0 1 0 0 1 1 0 1 1 1 1 1 
0 0 0 0 0 1 1 1 0 0 1 1 1 0 1 1 1 0 1 1 
0 1 0 0 0 1 1 0 1 0 1 1 1 0 0 1 0 0 1 0 
0 1 1 0 0 0 0 1 0 0 0 0 0 1 1 0 1 1 0 1 
1 0 0 1 1 1 0 1 0 1 1 1 1 1 0 0 1 1 1 1 
0 0 1 0 0 0 1 1 1 0 1 0 0 0 0 1 1 0 1 0 
0 1 0 1 0 0 0 0 0 1 0 0 0 1 1 0 0 1 1 0 
0 1 0 1 0 0 0 0 1 0 1 1 0 0 0 1 0 1 1 0 
