20 
23 
2 
2 

73 
98 
12 
99 
37 
97 
81 
75 
54 
85 
39 
31 
81 
29 
66 
35 
97 
56 
42 
80 

37 
46 
69 
94 
63 
75 
41 
63 
35 
91 
89 
25 
24 
88 
33 
99 
70 
35 
85 
28 
38 
36 
35 

1 0 1 1 1 0 1 0 0 0 0 0 1 1 1 1 0 0 0 1 
1 0 0 1 0 1 0 1 0 0 1 1 0 0 0 1 0 1 1 1 
0 0 0 1 0 1 1 0 0 1 1 1 1 1 1 0 0 1 1 1 
1 1 1 1 0 1 0 0 0 1 0 0 1 1 0 1 1 0 0 1 
1 0 0 0 0 1 1 1 1 0 1 0 1 0 1 1 1 0 0 1 
1 0 1 0 0 1 1 1 1 1 1 0 1 1 1 1 0 0 1 1 
1 1 0 0 0 0 1 0 0 0 1 1 0 0 1 0 1 0 0 0 
1 0 1 1 1 1 0 0 1 0 0 1 1 1 0 0 0 1 0 1 
1 1 0 0 0 1 0 0 1 0 1 0 0 1 0 0 0 0 0 1 
0 1 1 1 1 1 0 0 0 1 0 1 0 0 0 0 0 0 0 0 
1 1 1 0 1 0 0 0 0 1 1 1 1 1 0 1 0 0 1 0 
0 1 0 0 0 1 1 1 0 1 0 0 1 0 0 0 0 0 0 1 
1 0 0 0 0 0 1 1 0 0 1 1 0 0 1 1 0 1 0 0 
1 0 1 1 1 0 1 0 0 0 1 0 0 1 1 0 0 1 1 0 
0 1 0 0 0 0 0 0 0 0 1 0 1 0 1 0 0 1 1 1 
1 1 0 1 1 1 1 0 0 1 0 0 1 0 1 1 1 1 0 0 
0 0 0 0 0 1 0 1 0 1 0 1 0 0 0 1 0 1 0 0 
0 1 1 1 0 0 0 1 1 1 1 0 1 1 0 0 0 1 1 1 
0 0 1 0 0 1 0 1 0 1 1 0 0 1 0 1 0 0 1 1 
1 0 0 1 1 0 0 1 1 0 0 1 0 1 0 0 0 1 1 1 
1 1 0 1 1 1 1 0 0 1 0 1 0 1 1 0 0 0 1 1 
0 1 0 1 1 1 0 1 1 1 1 0 0 1 1 1 0 0 1 0 
1 1 1 0 1 0 1 0 0 1 1 1 0 0 0 0 0 0 0 0 
