20 
18 
2 
2 

92 
14 
10 
38 
37 
22 
42 
31 
98 
34 
29 
13 
85 
66 
94 
38 
11 
85 
28 
78 

22 
21 
13 
83 
17 
94 
66 
73 
64 
94 
96 
56 
45 
61 
10 
87 
64 
77 

1 0 1 1 1 1 1 1 0 0 0 0 0 1 1 1 0 1 0 1 
1 1 1 1 0 0 1 1 0 1 1 1 0 1 1 1 0 1 0 0 
1 1 1 0 1 0 1 0 0 0 1 0 1 0 1 1 1 0 1 0 
1 1 1 0 0 0 0 1 0 1 1 1 0 0 1 0 1 0 0 1 
0 1 0 1 1 1 1 1 0 0 1 1 1 1 1 0 1 1 0 1 
0 0 0 1 0 0 1 1 0 1 1 1 0 0 1 0 0 1 1 1 
1 1 0 1 0 0 1 0 1 1 0 0 0 0 1 0 0 1 1 1 
0 0 1 0 1 0 0 0 1 1 0 1 0 0 0 1 1 1 0 1 
1 0 1 0 1 0 0 1 1 1 1 1 0 0 1 1 1 1 1 1 
0 1 0 0 1 1 0 0 1 1 0 0 1 1 0 0 1 1 1 1 
0 1 1 1 1 0 0 1 1 1 0 1 0 1 1 0 1 0 0 0 
0 1 1 1 0 0 0 0 1 0 0 0 1 0 1 0 0 1 1 1 
0 0 1 1 0 1 1 1 0 0 0 1 1 1 1 0 1 1 1 1 
0 1 0 1 1 0 1 1 1 0 0 0 1 1 0 0 0 0 1 0 
1 1 0 0 1 0 0 0 1 0 1 1 1 0 1 1 1 1 1 1 
1 1 0 1 0 0 1 0 1 0 1 0 1 0 0 0 0 1 0 0 
0 0 0 1 1 0 0 1 0 1 1 0 0 0 1 0 0 0 0 0 
1 0 1 1 0 1 1 1 0 0 1 0 1 1 0 0 1 1 1 1 
