20 
17 
2 
2 

93 
95 
64 
79 
75 
43 
22 
40 
11 
39 
18 
29 
93 
86 
41 
16 
45 
23 
18 
15 

33 
73 
66 
49 
70 
13 
100 
98 
32 
90 
73 
37 
92 
67 
28 
19 
85 

1 1 0 0 1 1 0 0 0 0 1 1 0 0 1 1 0 0 0 1 
0 1 1 1 0 0 1 0 1 0 0 1 0 1 0 1 1 1 0 1 
0 1 1 1 0 0 1 1 0 0 1 0 0 1 0 0 1 0 0 1 
0 1 1 0 1 0 1 1 0 0 0 0 1 0 1 0 0 1 0 1 
0 1 0 1 1 1 1 0 1 1 1 1 0 0 0 1 0 0 0 1 
0 1 1 0 0 0 0 0 0 0 1 1 1 0 1 0 0 0 0 0 
1 0 1 1 1 0 0 1 1 1 1 1 0 1 1 0 0 1 1 0 
0 0 0 0 0 1 0 0 1 1 0 0 0 0 0 0 0 1 1 1 
1 0 1 0 1 0 0 1 0 1 1 1 1 1 0 0 1 1 0 0 
0 0 1 0 1 0 0 0 0 0 0 1 1 0 1 1 1 0 0 0 
1 1 0 1 0 0 1 1 0 0 1 0 0 0 0 0 1 0 0 0 
1 1 0 1 1 0 1 1 0 1 1 1 0 1 1 1 1 1 1 1 
1 0 0 1 0 0 0 0 1 0 1 1 0 1 1 1 0 1 1 1 
0 1 0 0 0 1 0 0 0 1 1 1 0 0 0 0 1 0 0 0 
0 0 0 0 1 0 1 1 0 1 0 0 1 0 0 0 1 1 0 0 
1 0 0 1 1 0 0 0 1 0 1 0 0 1 1 1 1 0 0 1 
0 0 0 0 1 1 1 1 0 1 0 0 1 1 1 0 0 0 0 0 
