20 
16 
2 
2 

42 
92 
46 
33 
19 
46 
11 
57 
87 
25 
57 
73 
12 
41 
83 
76 
70 
22 
26 
100 

80 
31 
38 
78 
17 
34 
64 
22 
56 
28 
56 
27 
51 
11 
56 
85 

1 1 1 1 1 1 1 1 0 1 1 1 1 0 1 0 0 1 0 1 
1 0 1 1 1 1 1 1 1 0 0 0 1 0 1 1 0 1 0 0 
0 0 0 0 1 1 1 0 1 1 1 0 1 1 1 0 0 1 1 1 
0 1 1 1 1 0 1 0 0 1 0 0 0 0 1 0 1 1 1 1 
0 0 0 0 1 0 1 1 1 1 1 1 0 0 0 0 0 1 0 1 
1 0 0 0 1 0 1 1 1 0 0 1 1 1 0 0 0 1 1 1 
1 1 0 0 1 1 1 1 0 1 1 1 0 0 0 1 0 0 1 0 
0 0 0 1 0 0 0 0 1 1 0 1 1 1 0 1 0 1 1 1 
0 0 0 1 0 0 0 1 1 0 0 0 0 1 1 0 0 1 0 1 
1 1 1 0 1 1 0 1 1 0 1 1 1 1 1 0 1 1 0 0 
0 0 1 1 1 0 0 1 0 0 1 1 1 0 0 0 1 1 1 0 
0 1 0 1 0 1 1 1 1 0 0 1 0 0 0 0 0 1 1 0 
0 0 1 1 1 0 1 1 0 0 0 0 1 0 0 0 1 0 0 0 
0 0 0 0 0 1 0 1 1 0 0 1 0 0 0 0 0 0 1 1 
0 0 0 0 0 1 0 0 1 0 0 0 0 1 0 0 0 1 1 0 
1 1 1 0 0 0 0 1 1 0 1 1 1 1 0 1 1 0 1 0 
