20 
17 
2 
2 

54 
26 
29 
30 
17 
93 
65 
38 
77 
83 
45 
47 
25 
79 
46 
42 
46 
36 
10 
40 

30 
52 
61 
87 
91 
53 
27 
33 
100 
47 
41 
99 
67 
84 
76 
18 
69 

1 0 1 0 1 1 0 1 1 1 0 1 0 1 0 0 0 0 1 0 
0 0 1 1 1 0 1 0 0 1 0 1 0 0 1 1 1 1 0 1 
1 0 1 1 0 0 1 1 0 0 1 0 0 1 0 1 1 1 1 1 
0 0 1 0 0 1 0 0 0 0 1 0 1 0 0 1 0 0 0 0 
0 1 0 1 0 1 1 0 1 1 1 1 0 0 0 0 1 1 0 1 
0 1 1 1 0 1 0 1 1 0 1 1 1 1 0 0 1 1 0 1 
1 1 0 0 0 1 1 1 0 0 0 0 0 0 0 0 1 0 1 1 
0 0 0 1 0 0 0 0 1 0 0 0 1 0 0 0 1 0 1 1 
0 0 0 0 1 1 1 0 0 0 0 0 1 1 0 0 1 1 0 1 
0 1 1 0 0 1 0 0 1 1 1 0 0 0 0 0 0 1 0 0 
0 1 1 0 1 1 1 1 1 0 1 0 0 0 0 1 0 0 0 0 
0 1 1 1 0 1 1 0 0 0 1 1 1 0 1 1 1 1 1 0 
0 1 1 0 0 0 1 0 0 0 1 1 1 1 1 1 0 0 0 1 
1 1 1 1 0 1 1 1 0 1 0 1 1 1 0 1 0 1 0 1 
1 1 0 1 1 0 0 1 1 0 1 0 0 1 0 1 1 1 0 0 
0 0 1 0 1 1 1 1 0 1 0 1 1 0 1 0 1 0 1 0 
0 1 1 0 1 1 1 0 0 1 1 0 1 0 0 1 1 1 1 1 
