20 
16 
2 
2 

80 
72 
29 
31 
95 
47 
77 
22 
48 
50 
89 
56 
41 
36 
82 
70 
19 
53 
78 
73 

61 
74 
65 
97 
51 
99 
71 
100 
64 
28 
18 
30 
65 
67 
33 
75 

0 0 0 1 1 0 1 1 0 0 0 1 0 1 1 0 1 1 0 1 
0 0 1 1 0 1 0 1 0 0 1 0 0 1 1 1 1 1 1 0 
1 0 0 0 0 0 0 0 0 0 1 0 0 0 1 0 1 0 0 1 
0 1 1 1 0 0 1 1 1 0 1 1 0 0 1 0 1 0 1 0 
0 1 1 0 0 0 1 0 0 1 1 1 1 1 0 1 0 1 0 0 
1 1 1 0 0 1 1 1 1 0 1 0 0 1 0 0 0 0 0 0 
1 0 0 1 1 1 0 1 0 0 1 0 1 0 1 1 0 0 0 0 
0 1 1 0 0 0 0 1 1 0 0 0 0 1 1 1 0 0 1 0 
0 1 1 1 1 1 0 1 0 1 0 1 0 0 1 0 1 0 0 1 
0 1 0 0 0 1 0 1 0 1 1 1 0 0 1 0 1 0 0 0 
1 0 1 1 1 1 0 0 1 0 0 0 1 0 0 1 1 1 0 1 
0 1 1 1 0 0 1 0 0 1 0 0 1 0 0 1 0 1 0 1 
1 0 1 0 0 1 1 1 0 1 0 1 0 0 0 1 0 0 0 0 
1 1 0 0 1 0 0 0 0 1 1 1 1 0 0 0 0 0 1 0 
1 1 1 1 1 1 0 0 1 1 0 1 0 1 1 1 0 1 0 0 
0 0 1 1 1 1 1 0 1 0 0 1 0 1 1 0 0 0 1 0 
