20 
16 
2 
2 

82 
34 
65 
58 
68 
53 
64 
36 
44 
53 
70 
78 
66 
47 
82 
33 
20 
75 
31 
10 

80 
76 
22 
57 
60 
83 
90 
90 
23 
94 
34 
43 
77 
71 
98 
79 

1 0 1 0 0 1 1 0 1 0 1 1 0 1 0 0 1 1 0 1 
0 1 1 0 1 0 0 0 0 0 0 0 1 1 1 0 0 1 0 1 
0 1 0 1 1 0 1 0 0 0 0 0 0 0 0 1 1 0 1 1 
1 0 1 0 0 1 1 1 0 0 0 0 0 0 0 0 1 1 0 1 
1 0 0 1 0 1 0 0 1 0 1 1 1 0 0 1 0 0 1 1 
0 0 0 1 0 0 0 0 1 1 0 1 0 1 1 0 0 0 1 0 
1 1 1 0 0 0 1 1 1 0 1 1 1 1 1 0 0 0 0 1 
1 1 0 1 1 1 1 0 0 1 1 0 0 0 1 0 0 1 0 0 
0 0 0 0 1 1 0 1 1 1 1 0 1 1 0 1 0 0 0 0 
0 1 1 1 0 0 1 1 0 0 1 0 1 1 1 1 0 0 0 0 
0 0 1 1 1 0 1 1 0 1 1 1 1 1 0 1 0 0 0 1 
1 1 1 0 1 0 1 1 0 1 0 1 0 1 0 0 0 0 1 1 
0 1 0 0 1 0 1 1 1 1 1 0 0 1 0 1 1 1 1 0 
0 0 1 1 1 0 1 1 0 1 1 1 1 0 0 0 1 0 1 0 
0 0 0 1 0 1 0 0 0 1 1 0 1 0 1 1 1 1 1 0 
0 1 0 0 0 0 0 1 0 0 0 0 0 0 0 1 1 1 1 1 
