20 
19 
2 
2 

59 
72 
41 
49 
63 
69 
20 
23 
89 
40 
16 
38 
65 
69 
92 
18 
94 
26 
14 
32 

26 
50 
77 
36 
35 
21 
68 
14 
35 
41 
29 
21 
47 
65 
53 
10 
53 
18 
53 

0 0 1 0 0 0 1 0 0 1 1 0 0 1 1 1 0 1 1 1 
0 0 1 1 0 0 1 1 0 1 1 1 0 1 0 1 1 0 1 0 
1 1 1 1 1 1 1 0 0 0 0 1 0 0 0 1 0 1 0 0 
1 0 1 0 1 1 1 1 0 0 1 0 0 0 1 0 1 1 1 1 
1 0 0 0 0 1 0 1 1 0 0 1 0 0 1 0 0 0 1 0 
1 0 1 0 1 0 0 0 0 1 1 1 1 0 0 0 1 1 1 0 
0 0 0 0 0 1 1 1 0 1 0 0 0 0 0 1 1 0 1 1 
1 1 0 1 0 1 1 1 1 1 1 1 0 0 0 0 0 0 0 0 
0 0 0 0 0 0 0 0 0 0 1 0 1 0 0 1 1 0 1 1 
1 1 1 0 0 1 1 1 1 1 1 0 0 0 0 0 1 1 1 1 
0 1 0 0 1 1 0 0 1 0 1 1 0 1 1 1 1 0 0 0 
1 1 0 1 0 0 1 1 1 1 0 0 0 1 1 1 0 0 0 0 
1 1 0 1 1 0 1 0 1 1 1 1 1 0 0 1 0 1 1 1 
1 1 1 1 1 0 1 0 1 0 1 0 0 1 0 1 0 0 1 1 
0 1 1 1 0 0 0 0 1 1 1 0 0 0 0 0 0 0 1 1 
1 0 1 0 0 1 1 1 1 1 1 1 0 0 0 0 1 1 0 0 
1 1 0 0 1 0 1 1 0 0 1 0 1 1 1 1 1 1 1 1 
0 0 1 1 1 1 1 1 0 1 1 1 1 0 0 0 1 1 0 0 
1 1 0 0 1 0 0 0 1 1 0 1 0 0 0 1 0 1 1 0 
