20 
16 
2 
2 

77 
71 
32 
80 
52 
43 
70 
42 
97 
64 
63 
92 
36 
27 
73 
32 
68 
83 
70 
96 

38 
10 
84 
37 
41 
88 
73 
87 
94 
20 
80 
54 
79 
75 
63 
32 

1 1 1 1 0 0 1 0 0 0 1 0 1 1 1 1 0 0 0 0 
0 0 0 0 1 0 1 0 1 1 0 1 0 0 0 1 1 0 0 0 
0 0 0 1 1 1 1 1 1 1 0 1 1 1 1 1 1 0 0 0 
0 1 0 1 1 0 1 1 1 0 0 0 1 1 1 1 0 0 0 1 
1 0 1 1 0 0 1 1 0 1 0 0 1 0 0 0 1 1 1 0 
0 0 1 0 0 0 1 0 1 0 1 1 1 1 1 0 0 0 0 1 
1 1 1 0 0 1 1 1 0 0 0 0 0 1 1 1 0 0 0 1 
1 0 0 1 1 1 1 0 1 1 1 1 0 0 0 0 0 1 0 0 
0 0 0 0 1 0 0 1 0 1 1 1 1 1 0 0 0 0 0 0 
0 1 1 0 0 1 0 1 0 1 0 0 1 0 0 1 1 1 1 1 
1 1 1 0 0 1 1 1 1 1 1 1 0 1 1 1 0 1 0 1 
1 1 1 1 1 1 1 1 1 0 0 1 1 1 1 1 0 1 1 1 
0 0 1 0 1 1 1 0 1 0 1 0 1 1 1 1 1 1 0 1 
0 1 1 1 0 0 1 0 0 0 0 0 1 1 1 1 0 0 0 1 
1 0 0 0 0 1 1 0 1 1 1 0 1 0 0 0 0 0 0 0 
1 0 1 0 1 0 1 1 1 0 0 1 1 0 0 0 0 0 1 0 
