20 
16 
2 
2 

34 
74 
96 
95 
97 
15 
15 
75 
84 
95 
100 
22 
83 
80 
85 
85 
17 
10 
98 
87 

92 
15 
86 
91 
71 
36 
24 
31 
48 
72 
94 
66 
13 
64 
20 
64 

1 1 0 0 1 1 1 0 1 1 1 1 0 0 0 1 0 0 0 1 
1 0 0 1 0 0 0 1 0 1 0 0 1 0 1 1 1 1 1 1 
1 0 0 1 1 1 1 0 1 0 1 1 1 1 1 1 0 1 1 0 
0 0 1 0 1 0 0 0 0 0 0 0 0 1 0 1 0 1 1 1 
1 1 1 1 0 1 1 1 0 0 0 1 1 0 1 0 0 0 1 1 
1 1 0 1 1 0 0 0 1 0 1 0 0 1 1 0 0 1 0 0 
1 0 1 1 0 1 0 1 0 0 0 1 1 1 0 0 0 0 1 0 
0 1 1 1 1 0 0 0 0 0 1 1 0 0 1 0 1 1 1 1 
0 0 0 1 0 0 0 1 0 0 1 1 0 0 1 1 1 1 1 1 
0 0 1 1 1 0 0 1 1 1 0 1 1 0 0 0 1 1 1 1 
1 1 1 0 1 0 0 0 0 1 0 1 1 1 1 1 1 1 0 0 
0 0 1 0 0 0 1 0 1 1 0 1 1 0 1 1 0 1 0 0 
0 0 0 0 0 1 0 0 1 0 0 0 1 1 0 1 0 0 0 0 
0 0 1 0 1 1 0 0 1 1 1 0 0 0 0 1 0 1 1 1 
1 1 1 1 0 1 1 0 1 0 0 0 0 1 1 0 1 1 0 1 
1 0 0 1 0 1 0 1 0 0 0 0 1 1 0 0 1 1 0 1 
