20 
18 
2 
2 

21 
41 
80 
63 
57 
58 
54 
23 
62 
96 
46 
55 
82 
10 
36 
52 
98 
93 
86 
73 

94 
59 
37 
92 
63 
67 
23 
82 
62 
96 
84 
54 
38 
83 
50 
81 
70 
100 

0 1 1 1 1 0 1 1 1 1 0 1 1 1 1 1 1 1 0 1 
1 0 1 1 0 1 0 0 0 1 0 0 0 0 1 1 0 1 0 1 
1 0 0 1 0 1 0 0 0 0 1 1 1 1 1 0 1 0 1 0 
1 1 0 0 0 0 0 1 0 0 0 1 1 0 0 0 0 1 0 0 
0 1 0 0 1 0 0 0 0 1 1 0 1 1 1 0 0 1 0 0 
1 0 1 0 1 1 1 0 1 1 1 1 1 0 1 1 0 0 1 1 
1 1 0 0 1 0 1 0 0 1 0 1 0 1 1 1 0 1 0 0 
1 1 1 1 1 0 1 0 1 1 0 1 1 1 1 1 0 1 0 1 
1 1 1 1 1 0 1 0 1 0 0 0 1 1 1 0 1 1 1 0 
1 0 1 1 0 0 1 0 0 1 0 1 0 0 0 0 0 0 0 0 
1 1 0 0 0 1 0 0 0 0 1 0 1 0 1 0 0 0 1 0 
1 1 0 1 1 0 1 0 0 0 0 0 0 1 1 0 0 0 0 1 
0 1 1 0 1 1 1 1 1 1 0 1 0 1 1 1 0 1 0 0 
1 1 0 1 1 0 0 1 0 1 0 0 0 0 0 1 0 1 0 0 
0 1 1 1 0 1 0 0 0 1 0 1 0 0 0 0 1 0 0 0 
1 0 1 1 1 0 0 1 1 0 1 1 0 0 1 1 0 0 0 1 
0 1 1 1 0 0 0 1 1 1 0 1 0 0 1 1 0 1 1 1 
0 1 0 1 1 1 1 0 1 1 0 1 0 0 1 1 0 0 1 0 
