20 
16 
2 
2 

69 
47 
74 
11 
85 
91 
48 
53 
65 
73 
42 
43 
71 
32 
38 
72 
89 
27 
47 
14 

18 
35 
58 
55 
81 
26 
42 
59 
73 
44 
46 
44 
40 
74 
69 
69 

0 1 0 1 1 1 0 1 1 0 1 1 0 0 0 1 1 0 1 1 
0 1 0 0 0 1 0 0 0 1 1 1 1 1 0 0 1 1 1 0 
1 0 0 0 0 0 0 1 1 1 1 1 0 1 1 0 1 0 0 1 
0 1 1 0 0 1 1 0 0 1 1 1 0 1 1 1 0 0 0 0 
0 0 1 0 0 0 1 1 1 0 0 0 0 0 0 1 0 0 0 1 
1 1 1 0 0 0 0 0 0 0 1 1 0 1 0 0 0 1 0 1 
0 0 0 1 1 1 0 0 0 1 1 1 0 1 1 1 1 0 0 1 
1 0 1 1 0 1 0 0 1 0 1 1 1 0 1 0 0 1 0 0 
1 1 1 0 1 0 0 0 1 0 0 0 1 0 0 0 1 1 0 1 
1 0 0 0 0 1 1 0 0 0 0 0 0 0 0 0 1 1 0 1 
0 0 0 0 0 0 0 1 1 1 1 1 1 0 0 1 1 1 1 0 
0 1 1 0 0 0 1 0 0 0 0 0 0 0 0 1 0 0 1 1 
0 0 0 1 1 0 1 0 1 1 0 0 0 1 0 0 0 1 0 1 
1 0 1 1 0 1 0 0 1 1 0 1 0 0 1 1 0 1 1 1 
0 1 0 1 0 0 0 0 0 1 1 0 0 0 1 0 1 0 1 0 
1 1 1 1 1 1 1 1 1 0 0 1 1 1 1 1 1 0 1 1 
