20 
22 
2 
2 

19 
34 
89 
74 
88 
83 
65 
89 
35 
75 
36 
53 
87 
41 
32 
66 
35 
54 
70 
76 

20 
29 
26 
97 
51 
96 
43 
10 
90 
85 
91 
81 
14 
93 
90 
37 
71 
39 
35 
32 
47 
35 

0 1 1 1 1 1 1 0 0 0 0 1 0 1 0 0 0 1 0 1 
1 0 0 0 1 1 0 1 1 0 1 1 0 0 1 0 0 0 1 0 
0 1 1 1 1 1 1 0 0 1 1 1 0 1 0 0 0 0 0 1 
1 0 1 1 0 0 1 1 0 0 1 0 1 1 0 0 0 1 0 1 
1 1 0 1 1 1 1 0 1 1 0 0 1 0 1 0 1 0 0 0 
0 0 0 1 1 0 0 0 1 1 1 1 1 1 1 1 0 0 1 1 
1 0 1 0 0 0 1 1 0 1 0 0 1 0 1 0 1 1 1 0 
0 1 0 0 0 1 1 1 1 1 0 0 1 1 0 0 0 0 0 0 
1 1 1 1 1 0 0 1 1 0 1 0 0 0 1 1 0 0 1 0 
1 0 0 1 1 1 0 1 0 1 0 1 1 0 1 0 0 0 0 0 
1 1 1 1 0 0 1 0 0 0 1 0 0 0 1 0 0 0 1 0 
1 0 1 1 0 0 0 1 1 1 0 0 1 1 0 0 1 0 1 1 
0 1 0 1 1 0 1 1 0 0 1 1 0 1 0 1 1 0 0 1 
0 1 1 0 1 1 0 1 0 0 1 1 0 0 0 0 0 0 1 1 
0 1 0 1 0 1 1 0 1 1 0 1 1 0 1 1 0 1 1 0 
1 0 1 0 1 1 1 1 1 0 0 1 0 1 1 0 1 0 1 0 
1 0 0 1 0 1 0 1 1 0 1 0 0 1 0 0 0 0 0 1 
0 0 0 0 1 1 0 0 0 0 0 1 0 0 0 0 1 0 0 0 
0 0 0 0 1 1 1 0 1 1 1 1 1 0 0 0 0 1 0 1 
1 0 0 0 0 0 0 0 0 0 1 0 0 0 0 0 0 1 0 1 
0 1 0 1 0 1 1 0 1 1 0 1 1 1 0 1 1 0 1 1 
1 0 1 0 1 1 0 1 1 1 1 0 0 0 0 1 0 1 0 1 
