20 
22 
2 
2 

37 
62 
13 
66 
19 
60 
54 
77 
74 
17 
89 
78 
49 
92 
43 
87 
56 
53 
100 
23 

27 
57 
76 
65 
80 
31 
64 
55 
78 
61 
42 
41 
49 
76 
44 
48 
31 
63 
56 
49 
48 
14 

1 0 1 1 1 0 0 1 1 1 1 1 1 1 1 1 0 0 0 0 
0 0 1 0 1 1 1 1 0 0 0 0 1 0 0 1 1 0 1 1 
0 0 1 1 0 1 1 0 1 0 0 0 1 0 1 1 0 0 0 0 
1 1 0 0 1 0 0 0 1 0 1 1 1 0 1 0 1 1 1 1 
1 1 0 0 1 0 0 1 1 1 1 0 1 1 0 1 1 0 1 1 
1 0 0 0 0 0 0 1 1 0 1 0 0 1 0 0 0 1 0 1 
0 0 0 1 0 1 1 1 0 0 1 1 1 1 1 0 1 0 1 1 
0 1 1 1 0 1 0 0 0 1 0 0 1 0 1 1 1 0 0 1 
1 1 1 1 1 1 0 0 0 0 1 0 1 1 0 0 0 1 1 1 
1 0 0 0 1 0 0 1 1 1 0 1 1 0 0 0 0 1 0 0 
0 0 0 0 1 1 1 0 1 0 1 0 1 1 1 0 1 0 1 1 
1 1 0 0 0 1 1 1 1 0 1 1 0 0 0 0 0 0 0 1 
1 1 0 0 1 0 1 1 1 1 1 0 1 1 1 0 0 0 1 1 
1 1 0 0 0 0 1 1 0 0 0 1 0 0 0 0 1 0 1 0 
0 0 1 1 1 0 0 0 1 0 1 1 0 0 1 1 1 0 0 1 
0 1 1 0 0 0 1 1 1 0 1 1 0 1 0 1 0 1 1 1 
0 0 0 0 1 0 1 0 0 1 0 0 1 1 1 0 0 1 0 1 
0 0 0 0 0 0 0 1 1 0 0 1 1 1 1 1 0 1 0 1 
1 0 0 1 0 1 1 1 1 1 1 1 0 0 1 1 1 1 0 1 
0 1 0 1 1 0 1 0 1 0 0 1 0 0 0 0 0 1 1 0 
1 1 1 0 1 1 1 1 1 1 0 1 1 1 0 0 0 1 0 0 
1 0 1 1 0 0 0 0 1 1 1 0 0 1 0 0 1 0 0 0 
