20 
20 
2 
2 

73 
21 
11 
81 
61 
22 
70 
12 
82 
91 
19 
52 
15 
61 
91 
18 
67 
49 
100 
73 

22 
56 
69 
63 
13 
92 
75 
83 
91 
62 
36 
63 
54 
69 
80 
44 
46 
52 
49 
70 

1 1 1 0 1 1 0 0 1 1 1 1 1 0 0 1 1 1 1 0 
1 1 1 1 1 0 0 1 0 1 0 1 1 0 1 1 0 0 1 0 
1 0 0 1 1 1 0 1 1 0 1 0 1 0 1 0 1 1 0 1 
0 1 1 0 1 1 0 0 1 0 1 1 1 0 0 0 1 0 0 0 
1 0 1 1 0 0 1 1 1 1 0 0 1 0 0 0 0 1 0 1 
1 1 1 0 1 1 0 1 1 1 1 0 1 0 0 1 1 1 1 1 
0 0 0 0 1 0 0 0 1 1 0 0 1 1 1 0 1 0 0 1 
1 0 0 1 0 1 1 0 0 1 0 0 0 0 0 0 0 1 1 1 
1 1 0 1 0 0 0 0 0 1 0 1 0 1 1 0 1 0 0 0 
0 1 0 1 0 1 0 1 1 0 0 0 0 1 0 1 0 1 0 0 
0 1 1 0 1 0 1 0 0 1 1 0 0 1 1 1 1 0 1 1 
1 0 0 0 1 0 0 1 1 1 1 1 1 0 0 0 1 0 1 1 
1 0 0 0 1 0 1 1 0 1 1 0 0 0 0 1 0 1 1 1 
1 0 0 0 1 0 0 0 0 0 1 0 1 0 0 0 1 0 1 0 
1 0 0 1 1 1 1 0 1 1 1 1 1 1 0 1 1 0 1 1 
1 1 1 0 1 0 1 0 0 1 1 0 0 1 1 1 1 1 1 0 
0 0 0 1 0 1 1 1 1 0 1 1 1 0 0 1 1 0 0 1 
1 1 1 0 0 1 1 1 1 1 0 0 0 0 1 1 1 0 1 1 
0 0 0 0 1 1 0 0 0 1 1 1 1 1 0 0 1 1 1 0 
1 1 1 0 1 1 0 1 0 1 0 1 1 0 0 1 1 1 1 1 
