20 
16 
2 
2 

10 
32 
48 
76 
91 
100 
20 
55 
90 
50 
13 
54 
38 
89 
72 
66 
99 
73 
24 
58 

72 
80 
27 
88 
59 
89 
99 
45 
61 
86 
31 
95 
25 
54 
60 
20 

1 1 1 1 0 0 0 0 1 1 1 0 0 0 1 1 1 1 1 0 
1 0 0 0 0 0 0 1 0 0 1 0 1 1 1 1 1 1 0 1 
1 1 0 0 1 0 0 0 1 1 1 1 0 1 1 1 0 1 1 0 
1 0 1 0 0 0 1 1 0 0 1 0 0 0 0 1 0 0 1 0 
0 1 0 1 1 0 1 0 1 1 0 0 0 0 1 1 0 1 0 1 
1 1 0 0 0 1 0 0 1 0 1 0 0 1 0 1 1 1 1 0 
1 1 0 1 1 0 0 1 1 1 0 0 1 1 0 0 0 1 0 0 
0 0 1 1 0 0 1 1 1 1 0 0 0 0 0 0 1 0 0 1 
1 0 1 0 0 1 0 0 1 0 0 0 0 0 0 0 0 0 0 1 
1 0 1 1 1 0 1 0 0 0 1 0 0 0 0 1 0 0 1 1 
1 1 1 0 0 0 0 1 0 1 1 1 1 0 1 0 0 1 1 0 
0 1 1 1 1 1 1 1 1 1 0 1 0 0 1 1 0 1 1 0 
1 1 0 0 1 1 0 0 1 0 0 1 1 1 1 1 0 0 0 0 
1 1 1 0 0 0 1 1 1 0 1 0 1 0 1 0 0 0 1 0 
1 1 1 1 0 1 1 1 1 0 1 0 1 1 0 0 1 1 1 1 
1 1 0 0 1 0 1 1 0 0 1 0 1 0 1 1 0 0 0 0 
