20 
17 
2 
2 

65 
69 
94 
99 
84 
42 
92 
60 
89 
32 
34 
62 
82 
81 
46 
12 
86 
61 
67 
70 

47 
81 
35 
83 
98 
43 
14 
71 
68 
99 
100 
27 
85 
43 
50 
36 
72 

1 0 1 1 0 1 0 1 1 1 1 0 0 1 0 1 1 0 1 1 
0 1 0 0 0 0 1 1 0 0 0 0 1 0 0 1 0 1 0 1 
0 0 0 1 1 0 0 1 0 0 0 0 1 1 0 1 1 0 0 0 
0 0 1 0 0 1 0 1 1 0 1 1 1 0 0 0 0 0 0 0 
0 1 1 1 1 0 1 0 1 1 1 0 0 1 0 1 0 1 1 1 
1 0 0 0 1 0 1 1 1 1 0 1 1 0 1 0 0 0 1 1 
1 0 0 0 0 0 0 1 1 0 0 0 1 0 0 0 0 0 1 1 
1 1 0 1 0 0 0 0 1 0 1 0 1 0 1 1 0 0 1 0 
1 1 0 1 0 0 1 0 0 0 1 1 1 1 1 0 0 0 0 1 
0 0 0 1 0 0 1 0 0 0 0 1 1 1 0 1 1 1 1 0 
1 1 0 0 1 0 1 0 0 1 1 0 0 1 1 1 1 0 1 1 
0 0 0 0 1 1 1 0 0 1 0 1 1 1 1 1 0 0 1 1 
1 0 0 1 0 1 1 1 1 0 0 1 0 0 1 1 0 0 1 0 
1 0 0 1 1 0 0 0 1 0 0 1 1 1 0 1 1 1 1 1 
1 0 1 0 1 0 1 0 0 0 1 1 1 0 0 1 0 0 0 0 
0 0 1 1 1 1 0 1 0 1 0 1 0 1 0 0 1 1 0 0 
1 0 1 1 1 0 0 0 0 0 0 1 0 1 1 1 0 1 1 1 
