20 
22 
2 
2 

83 
14 
92 
22 
24 
29 
37 
43 
32 
43 
47 
38 
55 
85 
82 
32 
26 
57 
93 
90 

13 
77 
44 
98 
48 
19 
21 
83 
15 
37 
53 
98 
92 
23 
20 
59 
46 
18 
54 
85 
64 
10 

0 0 0 0 1 1 0 1 0 1 1 1 1 1 1 0 0 0 0 0 
0 1 1 0 0 0 1 0 0 1 1 1 1 1 1 0 0 1 0 1 
0 1 1 0 1 0 0 0 0 1 0 0 1 1 1 1 1 0 1 0 
0 1 0 1 0 0 0 1 1 1 0 1 0 1 1 0 0 0 1 1 
0 0 0 0 0 1 1 0 1 1 1 0 0 0 1 1 1 0 0 1 
1 1 0 0 0 0 1 0 0 0 1 1 1 0 0 1 0 1 1 0 
0 1 0 0 1 1 1 1 1 0 1 1 0 0 0 1 0 0 0 0 
0 1 1 1 1 0 1 1 0 0 0 1 0 1 0 0 1 0 0 0 
0 0 1 0 0 1 0 0 1 0 0 1 1 1 1 0 1 0 0 1 
0 1 1 0 0 1 1 1 0 1 1 1 1 0 1 1 1 1 1 0 
1 0 1 0 1 0 1 0 0 1 1 1 0 0 1 1 0 1 0 0 
0 0 0 1 0 0 0 1 1 0 0 1 0 1 1 1 0 1 0 1 
1 1 0 1 0 1 0 1 0 1 1 0 0 1 0 0 0 0 1 0 
1 1 0 1 1 0 0 1 1 1 0 0 1 0 1 1 0 1 1 1 
0 0 1 1 0 0 0 0 1 0 1 0 0 1 0 1 0 0 1 1 
1 1 0 1 1 1 0 1 0 1 0 1 0 1 0 1 1 1 1 0 
0 1 1 0 1 0 1 1 1 1 0 1 1 1 0 0 0 0 0 0 
0 0 0 0 1 1 0 0 0 1 1 1 1 1 0 0 0 1 0 0 
1 0 0 1 0 0 0 0 0 0 1 0 1 0 1 1 0 1 0 1 
1 1 0 0 1 1 1 1 1 0 1 1 1 1 1 0 1 1 1 1 
0 0 1 1 0 0 0 1 0 0 0 1 1 1 1 0 0 0 1 0 
0 0 0 1 1 1 0 0 1 1 0 1 0 1 0 1 1 1 0 1 
