20 
21 
2 
2 

40 
17 
67 
50 
71 
36 
59 
25 
54 
22 
56 
29 
13 
38 
82 
79 
85 
31 
52 
61 

64 
79 
78 
78 
80 
67 
29 
14 
100 
82 
73 
77 
99 
90 
49 
58 
53 
84 
54 
79 
40 

1 1 1 0 0 1 1 1 0 1 1 0 0 0 1 1 0 1 0 0 
0 0 0 0 1 0 1 1 1 0 1 0 0 0 0 1 0 0 0 1 
0 0 0 1 1 1 1 1 0 0 0 1 1 0 0 1 0 0 1 1 
0 0 0 0 1 0 0 0 1 1 0 0 1 1 0 1 0 0 1 1 
1 0 0 0 1 1 1 1 0 1 1 1 0 1 1 1 1 1 1 0 
1 1 1 1 1 1 0 1 1 0 0 0 1 1 0 1 0 1 0 1 
1 1 1 1 1 0 0 0 1 0 0 1 0 0 1 1 1 0 0 0 
0 1 0 1 1 1 1 0 1 1 0 0 1 1 1 0 1 1 0 0 
0 0 1 1 1 0 0 1 0 1 0 0 1 0 0 0 1 1 1 0 
1 0 0 0 1 1 0 1 1 1 0 0 1 1 1 1 1 1 0 0 
0 1 0 1 1 0 1 0 0 0 1 1 1 0 1 0 1 1 1 0 
1 0 1 0 0 1 1 0 0 1 0 0 0 1 0 0 1 1 0 1 
0 1 0 0 1 1 0 0 0 0 1 0 0 0 0 1 0 1 0 1 
0 0 0 0 1 0 1 1 0 1 0 0 0 0 0 0 1 0 0 1 
0 1 0 0 0 0 0 0 1 1 1 1 0 1 1 1 0 0 0 0 
1 1 0 0 1 0 1 0 1 0 0 1 0 1 0 0 0 1 1 0 
0 0 0 0 0 0 0 0 0 1 0 1 1 1 1 0 0 1 0 0 
1 0 1 0 1 0 1 0 1 1 1 1 0 0 1 1 1 0 1 0 
1 0 1 1 1 1 1 0 0 1 0 1 0 0 0 0 0 1 0 0 
1 1 1 0 1 1 1 0 1 1 0 1 0 1 1 0 1 0 0 1 
1 1 1 1 1 0 0 1 0 0 1 0 0 0 0 1 0 0 0 1 
