20 
18 
2 
2 

89 
95 
37 
52 
25 
30 
35 
66 
27 
88 
45 
73 
52 
20 
57 
91 
36 
83 
11 
80 

68 
65 
54 
79 
32 
98 
79 
14 
16 
40 
39 
26 
52 
76 
93 
10 
11 
32 

0 1 0 1 1 1 0 0 1 1 0 0 1 0 0 0 1 0 1 0 
0 1 1 1 1 0 1 0 1 0 0 0 0 1 1 1 1 0 1 0 
1 1 1 1 0 1 1 1 0 0 1 1 0 1 0 0 1 0 0 1 
0 0 0 0 1 1 1 1 1 1 1 1 1 1 0 0 1 0 1 1 
1 0 0 1 0 0 1 0 0 1 1 1 0 0 0 1 1 0 1 1 
0 1 0 0 0 1 0 1 0 0 1 1 0 0 0 1 0 1 0 0 
1 0 1 1 0 1 0 0 0 0 1 1 1 1 0 1 1 1 0 1 
0 1 1 1 0 0 0 0 1 1 0 0 1 0 0 0 0 1 0 0 
1 1 0 0 1 0 1 0 1 0 1 0 1 1 1 1 0 1 0 0 
0 1 0 0 0 0 0 1 1 1 1 0 1 0 0 0 1 1 0 0 
0 1 1 0 1 1 0 1 0 1 0 0 1 1 1 0 0 0 0 0 
1 1 0 0 1 1 1 1 0 0 0 0 0 1 1 1 0 0 1 0 
1 1 1 0 0 0 1 0 1 0 1 0 0 1 1 0 0 1 0 1 
1 1 1 1 0 0 1 0 1 1 0 1 0 1 1 0 0 0 1 1 
0 1 0 1 0 1 0 1 0 1 1 1 1 0 1 0 0 0 0 1 
1 1 1 1 0 1 1 1 0 0 1 0 0 0 0 1 1 1 0 0 
0 0 0 1 1 1 0 0 1 1 1 1 1 0 1 1 1 1 1 0 
1 1 0 0 0 1 1 0 1 1 0 1 1 0 0 0 0 1 1 1 
