20 
16 
2 
2 

15 
15 
10 
56 
93 
80 
73 
96 
51 
12 
55 
20 
52 
52 
30 
77 
95 
83 
37 
96 

14 
100 
26 
44 
72 
91 
98 
19 
72 
17 
69 
61 
56 
14 
29 
79 

0 1 0 1 1 0 0 0 1 1 0 1 1 1 1 1 0 0 1 0 
1 1 0 0 0 1 1 0 1 0 0 0 0 0 1 0 1 0 0 0 
0 0 0 0 0 0 0 1 1 1 0 1 1 0 0 0 1 0 0 1 
1 0 1 1 1 1 1 0 1 0 0 0 1 1 0 0 1 1 0 0 
1 1 1 0 1 1 1 0 0 1 0 1 1 0 0 1 1 0 1 0 
0 0 0 1 1 0 1 0 1 1 1 1 0 0 0 0 0 1 1 0 
1 0 1 1 0 0 0 0 0 0 0 0 0 0 1 1 1 1 1 1 
0 1 0 0 0 1 1 1 1 1 0 0 0 0 1 0 0 0 0 1 
0 0 1 1 1 0 1 0 0 0 0 1 0 0 1 1 1 1 1 0 
0 0 1 0 1 0 0 1 1 1 0 1 1 1 1 1 0 1 0 0 
0 0 0 1 0 0 0 1 0 1 1 1 1 0 1 0 0 0 1 0 
0 1 0 0 1 1 1 1 1 0 0 1 0 0 0 0 1 1 0 0 
1 1 0 0 1 0 0 1 1 1 1 0 1 1 1 0 1 0 0 0 
1 1 1 1 0 1 0 0 1 1 0 0 0 0 1 0 1 1 1 0 
1 0 0 1 1 0 0 1 0 0 1 1 0 0 1 0 0 0 0 0 
0 0 1 1 1 1 0 1 0 0 0 1 0 1 1 1 0 0 0 1 
