20 
22 
2 
2 

61 
74 
30 
19 
33 
34 
89 
51 
14 
90 
52 
37 
61 
67 
78 
21 
59 
95 
62 
20 

83 
100 
74 
38 
33 
65 
10 
68 
69 
70 
44 
95 
62 
16 
27 
34 
13 
18 
69 
39 
65 
16 

1 0 1 1 1 1 0 1 1 1 0 1 0 1 0 1 1 1 0 1 
1 0 1 0 1 1 0 1 0 0 0 1 0 0 1 1 1 1 1 0 
0 1 0 0 1 0 1 0 0 1 0 1 0 1 0 0 1 1 1 0 
0 0 1 0 0 1 1 1 0 0 0 0 0 1 1 1 0 0 0 1 
1 1 1 1 1 0 0 1 1 1 0 1 0 1 1 1 1 1 1 0 
0 0 0 0 0 0 1 0 0 0 0 1 1 0 1 0 0 0 0 1 
0 1 0 1 1 1 0 0 0 1 0 0 1 1 1 0 1 1 0 1 
1 0 1 0 0 0 1 0 0 0 0 1 0 0 1 1 1 1 0 1 
0 1 0 1 0 0 1 0 0 1 0 0 0 0 0 0 0 1 0 0 
1 0 1 0 1 1 0 0 0 1 0 1 1 0 1 0 1 1 0 1 
1 1 0 1 0 0 0 0 1 0 0 0 1 0 0 1 1 0 0 1 
0 1 1 1 1 1 1 0 0 1 1 0 1 0 0 1 1 0 1 0 
1 1 0 1 1 0 0 1 1 1 0 1 0 0 0 0 1 0 0 0 
0 1 0 0 0 1 0 1 0 1 1 0 0 0 0 1 0 1 0 0 
1 0 0 0 0 1 1 0 0 0 0 0 0 0 1 1 0 0 0 1 
1 1 0 1 0 1 1 1 0 0 1 0 1 1 1 0 0 1 1 1 
0 0 1 0 0 0 0 1 1 1 0 0 0 1 1 1 1 1 1 0 
0 0 1 0 1 1 0 1 0 1 0 0 0 1 1 0 1 1 1 1 
0 0 1 0 1 1 0 0 0 1 0 1 1 1 1 1 1 1 1 0 
1 0 1 0 1 0 1 0 1 1 1 0 0 0 0 0 0 1 1 0 
0 0 1 0 0 1 1 1 0 1 0 0 0 0 1 0 1 0 1 0 
0 0 1 0 1 0 1 1 1 1 0 0 1 0 1 0 0 1 1 1 
