20 
18 
2 
2 

48 
57 
97 
98 
71 
64 
50 
83 
25 
68 
38 
29 
12 
22 
31 
35 
42 
75 
86 
86 

97 
36 
58 
53 
75 
74 
31 
33 
28 
49 
28 
93 
71 
41 
57 
40 
37 
21 

0 0 1 0 1 0 0 0 1 0 1 0 1 0 0 0 0 0 1 1 
0 0 1 0 0 1 0 0 1 1 1 1 1 1 0 0 1 1 0 1 
0 0 0 0 1 1 1 0 0 0 1 0 0 0 1 1 0 0 1 1 
1 1 0 0 0 1 1 0 1 0 1 1 0 1 1 0 1 1 0 1 
1 0 1 1 1 1 1 1 0 0 1 1 0 1 1 1 0 0 1 1 
0 0 0 0 1 0 1 0 0 1 1 0 0 1 1 0 0 0 0 1 
1 1 0 0 0 0 1 1 1 0 0 1 0 1 1 0 0 0 1 1 
0 0 1 0 1 0 0 0 1 1 0 0 1 0 0 1 1 1 0 1 
0 1 0 1 1 0 0 0 0 0 0 0 1 0 0 1 1 0 0 0 
0 1 0 1 1 0 0 1 1 1 0 0 0 0 1 0 0 1 1 0 
0 1 0 1 1 1 1 0 0 1 0 1 1 0 0 0 1 1 1 0 
1 1 0 0 1 0 0 0 0 0 0 1 0 0 1 0 1 1 0 1 
1 1 0 1 1 0 1 1 1 0 1 0 0 0 0 1 1 0 0 1 
0 1 1 1 1 1 1 1 0 1 1 1 1 0 1 1 1 0 0 0 
0 1 0 0 1 1 1 0 1 0 0 0 0 0 1 0 1 0 0 1 
1 1 0 0 1 0 0 1 0 0 0 1 0 1 1 0 0 0 1 0 
1 0 1 1 1 0 0 0 0 0 0 0 0 1 1 0 1 0 0 0 
0 1 1 0 1 0 0 0 1 1 0 1 1 0 0 0 0 0 0 0 
