20 
19 
2 
2 

85 
95 
47 
41 
47 
64 
91 
89 
26 
27 
14 
54 
76 
70 
15 
31 
73 
62 
46 
82 

80 
59 
95 
64 
20 
45 
48 
27 
45 
31 
43 
39 
32 
74 
66 
21 
13 
97 
64 

1 0 1 0 1 1 1 0 0 1 0 1 0 0 0 0 0 1 0 0 
0 1 0 0 0 1 0 0 0 1 1 0 0 1 0 1 1 0 0 1 
0 0 1 0 0 0 1 1 1 0 1 0 0 0 0 0 0 0 0 1 
1 1 0 0 0 0 1 1 0 1 1 1 1 0 0 1 0 0 0 1 
1 0 0 1 0 0 0 0 1 1 1 1 0 1 0 1 1 0 1 0 
0 0 1 1 1 0 1 0 1 0 1 0 0 1 0 0 1 0 1 1 
1 0 0 1 0 0 0 1 1 0 1 1 0 1 0 1 0 1 0 1 
1 0 0 1 0 0 1 0 0 1 0 0 1 1 0 1 1 0 1 0 
0 0 1 1 0 0 1 0 1 1 0 0 1 0 1 0 0 0 1 1 
0 1 0 0 1 0 0 1 0 1 1 0 1 0 1 0 0 0 0 0 
0 0 1 1 1 1 0 1 0 1 1 0 0 0 0 0 0 0 0 1 
1 1 1 1 0 0 0 0 0 0 0 1 1 1 0 1 0 0 0 1 
0 1 0 1 1 0 0 1 1 1 1 0 1 1 1 0 1 1 0 1 
1 1 1 0 0 0 0 1 0 1 1 0 1 0 1 0 1 1 1 0 
1 0 0 0 0 0 1 1 1 1 1 1 0 1 0 0 0 0 1 0 
0 0 1 0 0 0 1 1 0 1 1 1 1 1 0 0 0 0 1 0 
1 0 0 0 1 1 0 0 1 1 0 0 0 1 0 0 0 1 0 0 
0 1 1 0 0 0 1 0 1 0 1 0 0 0 0 0 1 0 1 1 
0 0 0 1 1 0 0 1 0 0 0 0 1 1 1 0 0 1 0 1 
