20 
17 
2 
2 

87 
57 
48 
53 
65 
99 
50 
86 
43 
64 
63 
14 
71 
15 
61 
63 
17 
97 
13 
57 

70 
15 
16 
22 
81 
73 
64 
67 
56 
31 
48 
54 
75 
45 
54 
94 
81 

1 0 1 1 1 0 1 0 0 1 0 0 1 0 0 0 0 1 0 1 
1 1 1 0 0 1 1 0 0 1 0 1 1 1 1 0 0 0 0 1 
1 1 0 0 1 0 1 1 1 1 1 1 0 1 0 1 1 1 1 1 
1 0 1 1 0 0 1 0 0 0 1 0 1 0 0 1 0 1 0 1 
1 1 1 1 1 0 0 0 0 0 0 1 1 1 1 1 0 1 0 1 
0 1 0 1 1 0 1 0 1 0 1 1 1 1 0 1 1 0 1 1 
1 1 0 0 1 1 0 0 0 1 1 1 0 1 0 0 0 0 0 1 
1 0 1 0 1 0 0 0 1 0 1 1 0 1 1 1 0 0 1 1 
0 1 0 0 0 0 0 0 0 1 1 0 1 0 1 1 1 0 1 1 
1 0 1 1 0 1 0 1 1 0 0 1 1 0 1 0 1 1 0 0 
1 0 1 0 0 0 0 1 1 0 0 0 0 0 0 1 1 0 0 1 
0 0 1 0 0 1 1 1 1 0 1 1 0 0 0 1 0 0 1 0 
1 1 0 0 0 1 1 0 0 0 1 1 1 1 1 0 1 0 1 1 
1 1 0 1 1 0 0 1 0 1 1 0 0 0 0 0 0 1 0 1 
1 1 1 1 1 0 1 0 1 1 0 0 1 0 1 1 0 0 0 1 
0 1 0 1 0 0 1 1 1 0 0 0 1 0 1 1 1 1 0 1 
1 1 1 0 1 1 0 0 0 1 1 0 1 0 1 1 0 0 1 0 
