20 
18 
2 
2 

96 
39 
54 
89 
83 
100 
41 
97 
74 
95 
37 
65 
57 
90 
16 
37 
20 
32 
11 
18 

20 
58 
71 
67 
100 
22 
91 
99 
75 
69 
55 
68 
53 
80 
13 
61 
13 
65 

1 0 0 0 0 1 1 0 0 1 1 1 1 0 0 0 1 0 0 1 
0 1 0 0 1 1 0 0 1 1 1 1 0 0 0 1 0 0 0 0 
0 0 0 0 1 1 0 0 1 1 0 0 1 1 1 0 0 0 0 1 
0 0 1 1 0 0 0 0 0 0 1 1 1 1 1 1 0 1 1 1 
0 1 0 1 1 0 1 0 0 0 0 0 0 0 1 0 1 0 0 1 
1 1 0 0 0 0 1 1 1 0 1 1 0 0 0 0 1 1 0 1 
0 0 1 0 0 1 0 0 1 0 1 0 1 1 1 0 1 1 0 1 
1 1 0 0 1 1 0 0 1 0 0 1 1 0 0 1 0 0 0 0 
1 0 1 1 0 1 0 1 0 0 0 0 0 1 1 0 0 1 1 1 
1 0 1 1 0 1 1 0 1 1 0 0 0 0 0 0 0 0 0 0 
1 1 0 1 0 0 1 1 1 0 0 0 0 1 0 0 1 0 1 1 
1 0 0 1 1 1 1 0 0 1 1 0 0 0 0 0 0 0 1 1 
1 1 1 0 1 0 0 1 0 1 1 0 0 1 0 0 0 0 1 0 
0 1 1 1 1 1 1 0 0 1 1 0 1 1 1 1 0 0 1 0 
1 0 1 1 0 1 1 0 0 0 0 0 0 1 0 1 0 1 0 1 
0 0 1 1 0 0 0 0 1 1 0 1 1 1 0 0 1 1 0 1 
0 1 1 1 0 1 0 0 1 0 1 0 0 1 1 1 0 1 1 1 
0 0 0 1 1 1 0 1 0 0 1 1 1 1 1 1 0 1 0 0 
