20 
18 
2 
2 

48 
46 
90 
82 
12 
54 
48 
92 
69 
32 
100 
78 
42 
16 
97 
63 
38 
94 
58 
68 

87 
44 
61 
54 
47 
19 
73 
50 
73 
99 
48 
71 
75 
42 
92 
57 
71 
78 

1 1 1 1 1 0 1 1 0 0 0 1 1 0 0 1 1 1 1 0 
0 1 0 1 0 0 1 0 0 1 0 1 0 1 0 0 1 1 1 1 
1 1 0 0 0 1 0 1 0 0 1 1 1 0 1 1 0 1 0 0 
1 0 1 1 1 1 0 1 0 1 1 0 0 0 1 1 1 1 1 0 
1 0 1 1 1 1 0 0 0 1 0 1 0 0 0 0 1 1 0 0 
0 0 0 0 0 0 1 1 1 0 1 0 0 1 1 1 1 1 0 0 
0 0 1 0 0 1 0 1 0 1 1 1 0 1 0 0 1 0 0 0 
0 1 1 1 0 0 1 0 1 0 0 1 1 0 0 0 0 1 0 0 
0 1 1 1 1 0 1 1 1 0 1 1 1 0 1 0 1 1 0 1 
1 1 1 1 1 0 1 0 0 0 0 1 1 0 0 0 0 0 1 0 
1 1 0 1 0 0 1 1 0 0 1 0 0 1 0 0 1 0 0 0 
1 0 1 0 1 1 1 1 1 1 1 1 1 0 1 1 0 1 1 1 
1 1 0 0 1 1 1 0 0 1 1 0 0 0 0 0 0 0 0 1 
0 1 1 0 1 0 1 0 0 0 1 0 1 1 1 1 1 1 1 1 
1 0 0 1 0 0 0 1 0 1 0 1 1 0 1 0 1 1 0 1 
1 1 0 1 0 1 1 0 1 0 0 0 0 0 1 1 0 1 1 0 
0 1 0 0 1 1 0 0 0 1 1 0 0 1 0 0 0 1 1 0 
1 0 0 0 1 0 0 0 0 0 1 0 1 0 0 1 0 0 0 1 
