20 
23 
2 
2 

70 
98 
65 
81 
38 
15 
70 
82 
92 
59 
13 
61 
38 
20 
99 
66 
75 
77 
20 
98 

49 
74 
64 
99 
30 
18 
76 
59 
67 
12 
46 
43 
12 
74 
74 
29 
44 
18 
90 
95 
49 
86 
52 

1 0 1 0 1 1 0 1 1 0 0 0 1 0 0 0 1 0 1 0 
0 1 0 1 0 1 0 1 0 1 0 0 0 1 0 0 0 0 0 1 
1 1 1 0 1 1 1 0 0 1 0 1 1 1 1 1 0 1 1 0 
1 0 1 1 1 0 0 0 1 1 0 0 0 0 0 0 0 1 0 1 
1 1 1 1 0 1 1 1 1 0 0 0 1 0 1 0 0 0 1 1 
0 1 1 1 1 0 1 0 1 0 0 1 1 0 0 0 1 0 1 0 
1 1 0 0 1 1 0 1 0 0 1 0 1 1 0 1 0 0 0 1 
1 1 1 1 1 0 0 0 1 0 0 0 1 0 1 1 0 0 0 0 
0 1 0 1 1 1 1 0 1 1 1 0 1 0 0 1 0 0 1 0 
0 1 0 0 0 0 1 1 1 1 1 0 0 1 0 1 1 1 0 0 
0 0 1 1 1 1 1 0 0 1 1 0 1 1 0 0 1 1 0 0 
0 0 0 0 1 1 0 0 1 1 1 0 0 0 1 1 1 1 1 0 
0 1 0 1 0 1 0 1 1 1 0 1 0 1 0 1 1 1 1 1 
0 0 1 0 1 1 1 0 0 1 1 1 0 0 1 0 0 1 0 0 
0 1 0 1 0 1 1 0 0 1 1 0 1 0 0 1 1 0 1 0 
0 0 1 1 1 0 1 0 1 1 1 1 0 0 0 0 0 1 0 0 
1 0 0 1 0 0 0 0 1 0 1 1 0 0 1 0 0 1 0 1 
1 1 0 0 0 1 0 1 1 0 0 1 0 0 0 1 0 0 1 0 
0 1 0 0 0 0 0 0 1 0 0 0 1 1 1 0 0 1 1 1 
0 1 0 0 1 1 0 1 0 1 0 1 1 1 0 1 1 0 0 0 
1 1 1 0 1 1 1 1 1 1 0 0 1 0 1 1 1 0 0 1 
0 1 0 0 0 1 1 1 0 1 0 1 0 0 1 1 0 1 0 1 
1 1 1 0 0 0 0 1 1 0 1 1 1 1 0 1 1 1 1 1 
