20 
20 
2 
2 

49 
76 
52 
27 
66 
36 
48 
84 
28 
59 
68 
24 
25 
85 
21 
34 
25 
52 
29 
60 

36 
92 
12 
34 
26 
71 
25 
69 
55 
35 
74 
89 
40 
49 
91 
91 
15 
23 
65 
18 

0 1 0 0 0 0 0 0 0 1 1 1 0 1 1 0 1 0 1 0 
1 0 1 1 0 1 0 1 0 1 1 1 1 0 0 0 1 0 1 1 
1 1 1 1 1 0 1 0 0 1 0 1 0 0 0 0 1 1 0 0 
0 1 1 1 1 1 1 0 0 0 1 0 1 1 1 0 0 1 0 1 
0 0 0 1 0 0 0 1 0 0 1 0 1 0 1 0 0 1 0 0 
1 0 0 0 1 1 0 1 1 0 0 0 0 0 1 0 0 1 1 1 
0 1 1 0 1 1 0 0 1 0 1 1 0 1 1 1 0 1 1 0 
1 1 1 1 0 0 1 1 1 1 0 1 1 0 1 1 1 1 1 0 
0 0 1 0 1 0 0 1 0 0 0 0 1 0 0 1 1 1 1 1 
1 0 1 0 0 1 1 1 1 1 0 1 0 1 1 0 1 0 1 1 
0 1 1 0 1 0 1 0 1 0 0 1 0 1 1 1 0 1 0 0 
0 1 0 1 0 0 1 0 1 1 0 1 0 0 1 1 0 1 1 0 
0 0 1 1 0 1 1 1 1 1 0 1 1 0 1 0 0 0 0 0 
0 0 0 1 0 0 0 0 1 1 1 1 1 0 0 1 0 1 0 1 
1 0 1 0 1 1 1 1 0 0 0 1 1 1 1 0 0 1 0 1 
1 0 1 0 0 1 0 0 0 1 1 0 0 0 0 0 1 1 0 0 
1 0 1 0 1 0 1 1 1 1 1 1 1 0 1 1 1 1 0 0 
1 0 0 1 0 1 0 0 0 1 1 1 0 0 1 0 1 1 0 0 
1 1 0 0 1 0 0 1 0 0 1 0 0 0 1 0 1 0 1 1 
0 0 1 0 0 1 0 0 0 0 1 1 1 0 1 0 0 1 0 1 
