20 
17 
2 
2 

48 
47 
25 
88 
66 
49 
72 
15 
94 
20 
70 
45 
90 
37 
63 
17 
18 
66 
77 
89 

90 
17 
72 
18 
98 
29 
72 
36 
63 
44 
14 
83 
14 
13 
15 
45 
27 

0 1 1 1 1 0 1 0 1 0 0 1 1 1 0 1 1 0 0 0 
1 0 1 1 0 1 1 1 1 0 1 1 1 0 1 1 1 1 1 1 
0 1 0 1 1 1 1 1 1 1 1 1 1 1 1 0 1 0 1 0 
0 0 1 1 1 1 1 1 0 1 0 0 1 0 0 0 0 1 0 1 
0 1 1 0 1 1 1 1 0 0 1 0 0 1 0 0 0 1 0 0 
1 0 0 0 1 1 0 1 1 1 0 0 0 0 0 0 0 1 0 1 
1 0 1 1 1 1 1 1 1 1 1 0 1 1 1 1 1 1 1 0 
1 0 1 0 1 1 0 1 1 0 0 0 0 0 0 0 0 1 0 1 
0 0 0 0 1 1 0 0 0 0 0 1 1 0 0 0 0 1 0 0 
1 0 0 1 1 0 1 1 0 0 0 0 0 1 0 0 1 1 1 0 
1 1 1 0 0 0 1 0 1 0 0 0 1 0 1 1 0 0 0 0 
0 0 1 1 0 1 0 0 0 0 0 0 0 1 0 0 0 0 0 0 
0 1 1 1 0 0 0 0 0 1 0 1 1 1 1 0 0 0 1 0 
0 0 0 1 1 1 0 0 0 1 1 1 0 0 1 1 0 1 0 0 
0 0 0 1 1 1 0 1 1 1 0 1 1 0 1 0 1 1 0 1 
1 1 1 0 0 0 0 0 0 0 1 1 0 1 0 0 0 0 0 0 
0 1 1 1 0 1 0 1 0 1 0 1 0 1 1 1 0 1 0 0 
