20 
17 
2 
2 

60 
88 
66 
96 
61 
89 
25 
51 
57 
49 
81 
63 
37 
87 
15 
58 
15 
79 
63 
51 

45 
36 
26 
66 
31 
10 
81 
57 
46 
65 
51 
72 
87 
92 
30 
91 
22 

0 1 0 0 1 1 1 1 0 1 1 0 0 1 0 1 1 0 0 1 
0 0 0 0 1 0 1 0 0 1 1 0 0 1 0 0 0 0 0 0 
0 1 1 1 0 1 1 1 0 1 1 0 1 0 0 1 1 1 1 1 
0 0 1 1 1 1 1 1 1 0 0 0 1 0 0 1 1 0 0 0 
0 1 1 0 0 1 0 1 1 1 0 1 0 0 1 1 0 0 0 1 
1 0 0 0 0 0 1 1 1 0 0 1 0 0 1 1 0 0 1 1 
1 1 0 0 1 0 0 0 1 1 0 0 0 0 1 0 0 0 0 1 
1 1 1 1 1 0 0 0 1 0 1 1 0 0 0 0 1 0 0 1 
0 1 1 1 1 1 1 0 1 0 0 1 1 1 1 0 0 0 1 0 
0 0 1 1 1 0 1 1 0 1 0 0 0 1 1 0 1 1 1 0 
1 0 1 1 1 1 0 0 1 0 1 0 1 1 1 0 1 0 0 0 
0 1 1 1 0 0 0 1 1 1 0 1 0 1 0 1 0 0 1 1 
1 1 0 0 1 1 1 1 1 1 0 0 1 0 0 1 1 0 1 1 
0 0 1 1 0 0 1 1 1 1 0 0 1 1 0 0 1 1 1 0 
0 0 1 1 0 1 1 0 1 0 0 0 0 0 0 1 0 0 1 0 
1 0 1 1 1 0 1 1 0 1 0 1 1 1 1 1 1 0 1 0 
1 0 0 1 0 0 1 1 0 0 1 0 0 0 0 1 0 0 1 1 
