20 
19 
2 
2 

88 
95 
73 
67 
65 
28 
45 
33 
16 
35 
49 
53 
89 
58 
61 
52 
72 
55 
84 
97 

88 
38 
60 
69 
96 
98 
50 
82 
76 
18 
82 
94 
65 
29 
31 
47 
76 
11 
26 

0 1 1 0 0 1 0 1 0 1 0 1 0 1 1 1 0 1 0 1 
1 0 1 0 1 0 1 0 1 0 0 0 1 1 1 1 1 1 0 1 
0 0 0 0 1 0 0 1 1 0 1 0 0 0 1 1 0 1 1 0 
1 1 1 1 1 1 1 0 1 1 0 1 0 1 1 0 1 0 0 0 
0 1 0 0 1 1 0 1 1 0 1 1 0 0 1 0 0 0 0 0 
0 1 0 0 0 1 1 1 0 1 0 0 1 0 0 1 0 0 1 0 
0 1 1 0 0 0 1 0 1 1 1 0 1 1 1 1 1 0 1 0 
1 1 1 1 1 0 0 0 1 1 1 0 1 0 0 0 0 1 0 1 
0 1 0 1 1 1 1 0 0 1 0 1 1 1 1 0 1 1 1 1 
0 0 1 1 1 1 0 0 1 1 1 0 0 1 0 1 0 0 1 1 
0 1 1 0 1 1 1 0 0 1 1 1 0 0 1 0 1 0 0 0 
0 1 0 0 0 1 0 0 0 1 1 0 1 1 0 1 1 0 0 0 
0 0 1 1 0 0 0 1 1 1 1 0 0 0 1 1 1 0 0 1 
1 0 1 0 1 0 0 0 1 1 1 0 1 1 1 1 1 1 0 1 
0 1 0 1 0 0 1 0 0 0 1 0 1 1 1 1 1 0 0 0 
0 0 1 0 1 0 0 0 1 1 0 0 1 1 1 1 1 0 0 0 
0 1 1 1 1 0 0 1 1 1 0 0 0 0 1 0 0 1 1 0 
1 1 1 0 0 1 1 1 0 0 0 0 0 1 0 0 0 0 1 1 
0 1 1 1 1 0 0 0 0 1 0 1 0 0 1 0 0 0 0 1 
