20 
20 
2 
2 

82 
84 
21 
64 
57 
52 
52 
67 
94 
84 
95 
93 
47 
85 
96 
67 
32 
63 
88 
14 

87 
75 
36 
54 
86 
64 
24 
57 
27 
71 
59 
24 
94 
59 
69 
71 
84 
11 
87 
49 

0 1 1 0 0 0 0 1 1 1 1 1 1 0 0 0 1 0 0 1 
1 1 1 1 1 0 1 0 0 0 1 0 1 0 1 1 0 1 1 0 
1 0 0 1 1 0 0 0 0 1 0 0 1 0 1 0 1 0 1 1 
0 1 0 1 0 1 0 0 0 1 1 1 1 0 1 1 1 0 0 0 
1 0 1 0 0 1 0 1 1 0 1 1 1 0 1 0 1 0 0 1 
0 1 0 0 1 1 0 0 0 1 1 0 1 0 1 0 1 0 0 0 
0 0 1 0 1 0 1 1 0 0 1 1 1 0 1 0 0 0 1 1 
0 1 1 0 1 1 0 1 1 0 1 1 1 0 0 0 1 1 1 1 
0 1 1 0 0 1 0 0 1 0 0 0 1 0 1 1 0 1 1 1 
0 0 1 1 1 1 1 1 1 0 0 1 0 1 1 0 1 0 0 1 
1 0 0 1 1 1 1 1 0 1 1 0 0 1 0 1 0 1 1 1 
0 0 1 0 0 0 0 1 0 0 1 0 1 1 1 1 0 1 0 0 
1 0 1 0 0 1 1 1 1 1 0 0 0 1 0 0 1 1 0 1 
1 1 0 0 0 0 1 0 1 0 1 1 1 0 0 1 1 0 1 0 
0 0 1 0 0 1 0 0 0 1 0 0 1 1 1 0 1 1 0 0 
0 0 0 1 1 0 1 1 0 0 0 0 0 1 1 0 0 0 1 1 
0 1 1 1 0 0 0 1 0 0 1 1 1 0 0 1 1 1 0 1 
0 0 1 0 1 1 0 1 0 0 1 1 1 0 0 0 0 1 0 1 
1 1 1 1 0 0 1 0 1 1 1 1 1 0 1 1 1 0 1 0 
1 1 0 0 1 0 0 1 1 0 0 0 1 1 0 1 0 0 0 1 
