20 
16 
2 
2 

91 
35 
37 
82 
39 
88 
50 
59 
42 
20 
22 
50 
76 
51 
63 
40 
51 
27 
47 
22 

13 
17 
29 
59 
69 
63 
62 
40 
44 
46 
71 
23 
81 
13 
65 
23 

1 0 0 0 0 0 0 1 1 1 0 0 0 0 0 1 1 0 1 1 
0 1 1 1 0 0 0 1 1 1 1 0 0 1 0 1 1 1 1 1 
1 1 1 0 1 1 0 1 0 0 1 0 0 0 0 1 1 1 0 1 
0 1 1 0 0 1 1 0 0 0 0 0 0 1 1 0 0 0 1 1 
1 1 0 0 0 1 0 1 0 0 1 0 1 0 1 0 0 0 1 1 
1 1 1 0 0 1 0 1 1 0 0 1 1 1 0 1 0 1 0 0 
1 0 1 0 0 0 1 1 1 1 0 1 0 0 0 0 1 1 0 1 
0 1 0 1 1 1 1 0 1 0 1 1 0 1 0 0 0 1 1 0 
0 0 0 1 0 1 1 1 0 1 1 0 0 1 1 1 1 0 1 0 
0 0 0 0 0 1 1 1 1 1 1 0 1 1 1 1 0 1 1 1 
1 1 1 0 0 1 0 1 0 0 0 0 0 1 0 1 0 1 1 0 
1 0 1 0 0 0 1 1 1 1 1 1 0 0 1 0 1 1 1 1 
1 0 0 1 1 0 1 0 0 1 0 0 0 1 0 0 0 1 0 0 
0 0 0 1 0 0 0 0 1 0 1 1 0 1 0 0 0 0 1 1 
0 0 1 1 0 1 0 0 0 1 0 1 1 1 0 0 0 0 1 1 
0 1 0 1 0 1 1 0 0 0 0 1 0 0 0 0 1 1 0 0 
