20 
18 
2 
2 

32 
94 
91 
72 
61 
59 
29 
80 
91 
75 
55 
50 
83 
86 
30 
97 
15 
36 
38 
73 

74 
95 
65 
42 
48 
92 
32 
37 
16 
32 
92 
86 
67 
100 
95 
87 
93 
70 

0 1 1 1 0 0 1 0 1 1 1 0 1 1 0 0 1 0 1 1 
1 0 1 1 0 0 1 1 1 0 0 0 0 0 1 1 0 0 0 0 
0 1 1 0 0 1 0 0 0 1 0 0 1 0 0 1 1 0 0 1 
0 0 1 1 1 0 0 0 1 0 0 1 0 0 1 1 0 0 0 1 
0 1 0 0 0 0 0 0 0 0 0 0 1 0 1 0 1 1 1 1 
0 1 1 0 1 1 0 0 0 1 1 1 1 0 1 1 1 1 1 1 
1 1 1 0 0 0 1 1 1 0 0 0 0 0 0 1 1 0 0 0 
1 0 1 1 0 0 0 0 1 1 0 1 1 0 0 1 1 0 0 1 
1 1 0 1 1 1 1 1 0 0 0 1 0 0 1 1 0 1 1 1 
1 1 0 0 0 0 0 0 1 0 0 1 1 1 1 1 0 0 0 1 
0 1 1 0 0 0 0 1 0 0 1 0 1 0 0 0 1 1 1 1 
1 1 0 1 0 1 1 0 0 0 0 1 0 1 0 0 1 1 0 0 
1 1 1 1 1 1 0 1 1 0 1 0 1 1 0 0 1 0 1 1 
0 1 0 1 1 0 0 1 0 1 1 1 1 0 0 0 0 0 0 0 
0 1 0 0 1 0 1 1 1 1 0 1 1 0 0 1 0 1 0 0 
0 1 1 1 1 1 0 0 0 1 1 0 1 1 0 1 0 1 0 0 
0 1 1 1 1 1 0 1 0 0 1 1 1 1 0 1 1 1 1 0 
1 0 1 1 1 0 0 1 1 0 1 0 1 1 1 1 0 0 1 0 
