20 
19 
2 
2 

51 
55 
16 
62 
36 
38 
44 
84 
98 
81 
44 
24 
59 
80 
37 
69 
36 
12 
96 
23 

35 
62 
60 
17 
24 
76 
21 
43 
11 
56 
31 
56 
43 
43 
48 
62 
64 
59 
86 

0 0 1 0 1 0 1 1 0 1 1 0 1 1 0 0 0 0 1 1 
0 0 1 0 1 1 1 0 1 1 0 1 1 0 1 0 0 0 0 0 
1 1 1 0 1 0 1 1 0 1 0 0 1 1 1 1 0 1 1 1 
0 1 1 0 1 1 1 0 0 1 0 0 0 1 1 1 1 1 1 0 
1 1 0 0 1 0 1 0 1 0 1 0 0 1 0 1 0 0 0 0 
0 1 0 1 0 0 0 0 1 0 0 0 1 0 0 0 0 0 1 1 
1 1 1 0 1 0 1 0 1 1 0 0 1 0 1 1 0 0 1 1 
1 1 1 0 0 1 1 0 1 0 0 0 0 1 0 0 0 0 0 0 
1 1 1 1 1 0 1 0 0 0 0 0 1 1 1 1 0 0 0 0 
1 1 0 0 0 0 1 0 0 1 0 0 1 0 0 1 0 1 1 0 
1 0 0 0 1 0 0 1 0 0 1 1 0 0 0 0 0 1 0 0 
1 0 1 1 1 1 1 0 1 1 1 0 0 0 0 0 1 0 1 1 
1 0 1 1 0 1 1 0 0 1 1 1 0 1 1 1 1 0 0 0 
0 0 0 0 1 1 0 0 0 0 0 0 1 1 0 0 1 0 1 0 
1 1 0 0 1 1 1 1 1 0 0 0 0 1 1 1 1 0 1 1 
0 1 0 1 0 1 0 1 1 1 1 1 0 1 0 0 1 1 1 0 
1 0 1 1 0 0 0 0 0 0 1 0 0 0 1 0 1 0 1 1 
1 1 0 0 0 0 0 0 0 0 1 1 0 1 0 0 0 1 1 0 
0 0 1 1 1 1 1 1 1 0 1 1 0 0 0 1 0 0 0 0 
