20 
24 
2 
2 

24 
88 
17 
62 
35 
33 
61 
30 
69 
67 
47 
46 
50 
31 
22 
19 
53 
20 
36 
86 

38 
16 
80 
33 
95 
83 
40 
54 
30 
49 
68 
97 
49 
49 
68 
93 
60 
58 
50 
22 
95 
68 
96 
51 

0 1 1 0 0 0 0 0 1 1 0 1 0 1 1 0 1 1 1 1 
1 0 1 1 0 1 0 1 0 1 1 0 0 1 1 0 1 1 0 0 
1 1 1 1 1 1 1 1 0 1 1 1 1 0 1 0 0 1 1 1 
1 0 0 1 1 1 1 1 1 0 0 0 0 1 1 0 0 1 0 1 
0 1 1 1 0 1 1 0 0 0 1 1 1 0 1 1 0 0 0 0 
0 1 1 1 1 0 0 1 0 0 1 0 0 1 1 1 1 0 1 0 
0 1 1 1 1 0 0 1 0 1 0 0 1 1 1 1 1 0 1 0 
0 0 0 1 0 0 1 1 1 0 1 1 1 1 1 0 1 1 0 1 
1 1 1 0 1 1 0 0 1 1 0 0 1 0 1 1 0 0 0 1 
1 1 0 1 1 0 0 1 0 1 1 0 0 0 0 0 0 0 1 1 
0 1 1 1 0 1 1 0 0 0 0 1 0 0 1 0 0 1 0 1 
1 0 0 0 1 0 0 1 0 0 0 0 0 0 1 0 1 1 0 0 
1 1 1 1 1 1 1 1 1 1 1 0 0 1 1 1 1 1 0 1 
0 0 1 1 1 1 1 0 0 1 1 0 0 1 0 1 1 1 1 1 
1 0 0 0 0 1 0 0 1 0 0 0 1 0 0 0 0 0 0 0 
0 0 0 1 0 1 0 0 1 0 1 0 1 1 0 1 1 0 0 1 
1 1 0 1 0 0 1 0 1 1 1 1 1 1 1 1 0 0 0 1 
0 0 0 1 0 1 1 1 0 0 0 1 0 0 0 0 1 1 0 0 
0 1 0 1 0 0 0 1 0 0 0 0 1 0 0 0 0 1 0 0 
1 1 0 1 1 0 0 1 0 1 1 1 1 1 1 1 0 0 0 0 
1 1 0 0 0 1 1 1 1 1 0 1 0 0 0 1 0 1 0 0 
1 1 1 0 0 1 0 0 1 0 0 1 1 1 1 1 0 1 1 0 
0 0 0 0 0 1 1 0 0 0 0 0 0 1 1 0 0 0 1 0 
1 0 1 1 1 0 0 1 1 1 0 1 1 0 0 0 0 1 0 1 
