20 
18 
2 
2 

27 
39 
70 
61 
46 
44 
10 
25 
21 
73 
89 
40 
100 
21 
55 
36 
30 
55 
67 
67 

17 
62 
86 
36 
99 
59 
97 
42 
57 
99 
28 
98 
13 
11 
27 
11 
50 
69 

1 0 1 1 0 1 0 0 1 0 0 1 0 0 1 1 1 1 0 0 
0 0 0 0 1 1 1 0 1 0 1 0 1 0 0 1 0 1 1 0 
1 1 0 1 1 0 0 1 0 0 1 0 0 0 0 0 1 0 0 0 
1 1 0 0 0 1 0 0 1 1 1 0 0 0 0 1 1 1 0 1 
1 1 1 0 0 1 0 1 0 0 1 1 0 0 1 1 0 1 1 0 
0 1 0 1 1 0 0 0 0 1 1 1 1 0 1 1 1 0 0 1 
0 0 0 1 1 0 1 0 0 1 0 0 0 1 0 1 0 0 0 0 
1 1 1 1 0 1 0 0 0 1 0 1 0 1 1 1 0 1 1 0 
0 1 1 1 1 1 0 0 0 0 1 0 1 1 1 0 0 0 0 0 
0 0 0 0 1 0 0 1 1 0 1 0 1 1 0 0 0 0 0 1 
1 0 1 0 0 0 0 1 0 1 0 0 1 0 1 1 0 0 1 1 
1 0 1 0 1 0 0 1 1 1 0 0 0 0 1 0 0 0 1 1 
1 0 0 0 1 1 1 0 0 0 0 0 0 0 0 0 1 1 0 0 
1 1 0 0 0 0 1 0 1 0 0 0 1 0 1 0 1 0 1 1 
1 1 1 0 0 1 0 0 1 0 0 0 0 1 1 1 1 0 0 1 
1 1 0 0 1 0 1 0 0 1 0 1 1 1 1 0 0 1 0 1 
1 1 0 1 1 1 1 1 0 0 0 1 1 0 0 0 0 1 0 1 
0 0 1 0 0 1 0 1 1 0 0 1 0 0 0 0 0 1 0 1 
