20 
23 
2 
2 

26 
89 
55 
97 
10 
94 
67 
37 
41 
22 
54 
90 
51 
53 
90 
70 
17 
12 
75 
74 

13 
52 
43 
64 
75 
27 
58 
36 
22 
96 
65 
92 
51 
13 
21 
40 
50 
48 
59 
80 
93 
78 
36 

0 0 1 1 1 0 1 0 1 0 1 0 0 0 1 1 1 0 1 1 
0 0 1 0 1 0 1 1 1 0 1 1 0 1 0 0 1 0 0 1 
1 0 1 0 1 1 1 0 0 0 0 0 1 1 1 1 1 1 0 0 
0 0 1 1 0 0 1 0 0 1 1 1 1 0 0 0 0 0 0 1 
0 1 1 1 0 1 0 0 1 0 1 0 1 0 0 0 1 0 1 0 
1 1 0 0 0 0 1 0 0 0 1 1 0 0 1 1 1 0 0 1 
0 0 1 1 0 0 1 0 0 0 0 0 0 0 1 0 0 1 0 1 
1 1 1 1 1 0 1 1 0 1 1 1 0 0 0 0 0 1 0 0 
0 1 1 0 1 0 0 1 0 0 0 0 1 1 0 1 1 0 0 0 
0 0 1 1 0 1 1 0 0 0 1 1 0 1 0 1 0 1 0 0 
0 0 0 1 0 0 1 0 0 0 0 0 1 1 1 0 1 0 1 0 
0 0 0 1 0 1 0 0 0 0 0 1 0 1 1 0 1 0 1 0 
0 1 1 0 0 1 0 1 0 0 1 0 0 1 1 0 0 0 0 0 
0 1 0 1 0 1 0 0 1 0 1 1 0 0 0 0 0 0 0 1 
0 0 1 1 0 0 0 1 1 1 0 1 1 0 1 1 0 1 1 1 
0 1 0 0 1 1 0 1 0 0 0 1 0 0 1 0 1 1 1 0 
0 1 1 0 1 1 0 1 0 1 1 1 1 1 0 1 0 0 0 0 
0 0 0 1 0 1 0 1 1 1 1 0 1 0 0 1 0 0 0 0 
1 0 0 0 1 0 1 0 1 1 1 0 1 0 1 0 1 0 0 0 
0 1 0 0 1 0 0 0 1 1 0 1 0 1 1 0 0 0 1 0 
1 0 1 1 0 1 0 0 0 0 0 1 0 0 0 0 0 0 1 1 
1 1 0 1 0 1 0 0 0 0 0 1 1 0 1 1 1 0 1 1 
1 0 0 1 1 1 1 1 1 1 1 1 0 1 1 0 1 1 0 1 
