20 
16 
2 
2 

54 
86 
47 
67 
36 
59 
30 
31 
96 
68 
11 
100 
76 
75 
47 
28 
97 
30 
14 
90 

90 
97 
65 
99 
46 
24 
63 
44 
36 
11 
52 
92 
19 
49 
21 
20 

1 1 1 1 1 1 1 1 1 0 1 1 1 0 1 0 1 1 1 0 
1 1 1 1 1 1 1 0 1 1 0 0 1 1 1 0 0 0 0 0 
0 1 0 0 0 0 0 0 1 1 1 1 1 0 0 1 1 1 0 0 
1 1 1 0 1 0 1 0 0 0 0 1 1 0 0 0 0 0 0 0 
0 0 0 1 0 1 1 0 1 0 1 1 1 1 0 0 1 1 1 1 
0 1 1 1 0 0 0 1 1 0 0 1 1 0 1 1 0 0 1 0 
0 1 1 0 1 0 0 1 0 0 0 1 1 1 0 1 1 1 0 0 
1 0 0 1 0 0 0 0 0 1 1 1 1 0 0 1 1 0 0 0 
0 1 0 0 1 1 1 1 1 0 1 1 0 0 0 0 1 1 1 1 
0 0 1 0 1 0 1 0 1 1 0 0 1 1 1 0 1 1 1 1 
1 0 1 1 0 0 1 1 0 0 1 1 1 0 1 1 0 1 0 1 
1 1 0 1 0 0 1 0 0 1 1 1 0 1 1 0 0 0 0 1 
1 1 1 0 1 1 0 1 1 1 1 1 1 1 0 0 1 0 0 0 
0 1 1 0 1 1 1 0 1 0 0 0 1 1 0 1 0 0 0 1 
0 0 1 1 0 0 0 1 0 1 0 0 1 1 1 1 1 1 1 0 
1 0 1 1 0 0 1 1 0 0 0 1 0 0 0 0 0 0 1 1 
