20 
20 
2 
2 

46 
14 
57 
23 
55 
33 
59 
59 
30 
18 
51 
80 
72 
88 
51 
61 
10 
89 
62 
96 

91 
72 
91 
27 
83 
12 
93 
70 
77 
97 
46 
38 
54 
36 
59 
36 
31 
73 
41 
51 

1 0 1 0 1 0 0 0 1 0 0 1 0 1 0 1 1 1 0 0 
0 1 1 0 1 0 0 0 0 1 0 0 1 1 0 0 0 1 1 1 
0 1 0 0 1 1 0 1 1 0 1 1 1 1 1 1 1 1 0 1 
0 1 0 0 1 1 0 0 1 1 1 0 0 0 1 0 0 1 1 0 
1 1 0 1 0 0 0 1 1 1 1 1 1 1 1 1 0 0 0 1 
1 1 0 1 1 1 0 1 0 1 0 1 1 0 0 0 0 0 1 1 
0 0 1 0 1 0 1 0 0 0 1 0 0 0 1 0 1 1 1 0 
1 1 1 0 1 1 0 0 1 1 1 1 1 1 1 1 0 0 1 1 
1 1 0 1 1 1 0 0 1 0 0 1 1 0 0 1 0 1 0 0 
1 0 1 1 0 1 1 0 0 1 0 0 0 1 0 1 1 1 1 1 
1 1 0 1 0 1 0 1 1 1 0 0 0 1 1 1 1 1 1 1 
1 1 1 0 0 0 1 1 0 0 1 0 1 1 0 0 0 1 1 1 
1 1 0 0 1 0 1 1 0 1 1 1 0 0 0 1 1 1 1 1 
0 1 0 0 1 0 0 0 0 1 1 0 0 0 1 0 1 0 0 0 
1 1 1 1 0 0 1 1 1 1 1 1 1 1 0 0 1 1 0 1 
1 0 1 1 0 0 1 0 0 0 0 1 1 1 0 0 0 1 0 0 
0 0 0 1 1 1 1 1 1 0 0 1 1 0 0 1 1 0 1 0 
1 1 0 1 0 0 1 0 0 1 0 0 0 1 0 1 1 1 0 1 
1 1 0 0 0 0 0 0 1 1 1 0 0 0 0 0 0 1 0 0 
1 0 0 1 1 1 1 1 1 0 0 1 1 0 0 1 0 0 1 0 
