20 
19 
2 
2 

61 
64 
50 
51 
38 
38 
36 
58 
46 
75 
59 
62 
25 
12 
28 
12 
67 
30 
46 
66 

10 
13 
44 
29 
46 
88 
33 
64 
30 
28 
26 
90 
71 
44 
11 
42 
37 
48 
45 

1 0 1 0 0 1 0 0 1 0 0 1 1 1 1 1 0 1 1 0 
1 0 0 1 0 0 0 1 1 0 0 1 1 0 0 0 0 1 0 1 
1 0 1 0 0 1 0 0 0 1 0 1 0 1 0 0 1 0 0 0 
0 1 1 1 0 1 0 0 1 1 0 0 1 1 1 1 0 1 0 0 
0 1 1 0 0 0 1 0 0 1 0 1 0 1 1 1 0 1 0 1 
0 0 1 1 0 0 0 0 1 0 0 1 1 0 1 0 1 1 1 0 
1 1 0 0 0 1 1 1 1 0 1 1 1 0 0 0 0 0 1 1 
1 0 0 1 1 1 0 1 0 0 0 1 0 0 1 1 0 0 0 0 
1 1 0 1 1 0 0 1 1 0 0 0 0 0 1 1 1 0 0 0 
1 0 0 0 1 1 1 1 0 0 0 1 0 1 1 0 1 1 1 0 
0 1 1 0 1 0 0 0 0 0 1 1 1 0 1 1 0 0 1 0 
1 0 0 1 0 0 0 0 1 1 0 0 1 0 0 1 1 0 1 0 
1 0 0 0 0 1 1 0 1 0 0 0 0 1 1 1 0 0 0 0 
0 0 1 0 1 1 0 0 0 1 0 0 1 0 0 0 0 1 0 0 
1 1 1 0 1 0 1 1 0 1 1 0 0 0 1 1 1 0 1 0 
1 0 1 1 0 1 1 0 0 1 1 1 1 0 1 0 1 1 0 1 
1 0 0 1 0 1 0 0 1 1 1 0 0 1 0 0 0 0 0 0 
0 0 0 1 0 0 1 0 1 1 0 0 1 1 0 1 1 1 1 0 
1 0 1 0 0 0 0 0 0 0 1 1 1 0 1 0 0 1 1 0 
