20 
17 
2 
2 

12 
36 
25 
37 
24 
73 
80 
56 
31 
30 
56 
22 
61 
53 
71 
77 
25 
19 
94 
30 

19 
82 
19 
51 
19 
58 
50 
26 
99 
70 
67 
60 
12 
19 
41 
14 
60 

1 1 0 0 1 0 1 1 0 0 0 0 0 0 0 0 1 0 0 1 
0 1 0 0 1 0 0 0 0 0 1 1 0 0 0 0 0 1 1 0 
1 0 1 0 0 1 0 0 0 0 0 0 1 1 1 0 1 1 1 1 
0 1 0 0 0 0 0 1 1 0 0 0 1 0 0 0 1 0 0 1 
0 0 1 0 0 0 0 1 0 0 1 1 1 0 1 1 0 0 0 1 
0 1 0 1 1 0 0 0 1 1 0 1 1 1 1 0 0 0 1 1 
0 1 1 1 0 1 1 1 1 0 1 0 1 0 0 0 1 1 0 0 
0 1 1 1 1 1 0 1 1 1 1 1 1 1 0 1 0 1 0 1 
1 0 1 0 0 1 0 1 1 0 0 0 0 0 1 1 0 0 0 0 
0 0 0 0 1 1 1 1 1 0 0 1 1 0 1 1 0 0 0 1 
1 0 1 1 1 0 0 1 1 1 0 1 1 1 0 1 1 1 1 1 
1 1 1 0 0 1 1 1 0 0 0 0 0 0 1 0 0 0 1 0 
0 1 0 0 0 0 0 0 0 1 0 0 1 0 1 1 1 0 0 1 
0 0 1 1 1 1 0 0 0 0 0 0 1 0 0 1 0 0 1 0 
1 0 0 1 1 0 1 1 0 1 0 0 0 0 0 1 0 1 1 1 
1 0 0 0 0 0 1 0 0 1 1 0 0 1 1 0 0 0 0 1 
0 1 0 1 0 1 0 1 0 1 0 1 1 0 0 1 1 0 1 0 
