20 
17 
2 
2 

22 
43 
71 
27 
32 
79 
60 
56 
52 
17 
85 
37 
12 
71 
92 
56 
59 
70 
67 
42 

12 
25 
90 
16 
43 
20 
18 
17 
17 
12 
80 
14 
52 
95 
29 
42 
12 

0 1 1 1 1 1 1 0 0 1 1 0 1 1 1 1 1 0 0 1 
0 1 1 1 0 0 1 1 0 0 0 0 0 1 0 1 0 0 1 1 
0 0 1 0 1 0 0 0 1 0 1 1 1 1 0 0 0 1 0 0 
0 1 1 1 0 1 1 1 0 0 0 1 1 1 1 1 1 0 0 1 
1 0 0 0 1 0 0 0 0 0 1 1 1 0 0 0 1 0 1 0 
0 1 1 1 0 0 0 1 1 0 0 0 1 0 0 0 0 1 0 0 
1 0 0 1 1 1 0 1 0 1 0 0 1 1 1 0 1 1 1 1 
0 1 1 0 1 1 1 1 0 0 1 1 1 0 1 0 0 1 1 1 
0 1 0 1 0 1 1 1 1 0 0 0 1 0 1 1 0 0 1 0 
0 0 1 1 0 0 1 1 1 0 0 1 1 0 0 1 0 0 0 0 
1 1 1 1 1 0 1 0 0 0 1 0 0 0 0 0 1 1 1 0 
0 0 0 0 1 0 0 1 0 0 1 0 0 0 1 0 0 0 1 0 
0 1 0 1 1 0 1 1 0 1 1 0 0 1 1 0 1 0 1 0 
1 1 0 1 0 1 0 0 1 1 0 0 1 0 1 0 1 0 0 0 
1 0 1 0 0 1 0 0 1 1 1 1 1 1 1 1 0 1 1 0 
1 1 0 0 0 0 0 1 1 0 1 1 0 1 1 0 1 1 0 0 
0 0 0 0 1 0 1 0 1 1 1 1 1 0 1 1 0 1 1 1 
