20 
20 
2 
2 

88 
72 
40 
15 
45 
29 
94 
75 
14 
84 
63 
32 
38 
27 
41 
33 
11 
47 
47 
13 

96 
46 
58 
31 
38 
60 
74 
96 
64 
46 
42 
84 
37 
59 
97 
26 
76 
76 
14 
98 

0 0 1 0 1 0 1 1 0 1 1 1 1 1 1 0 1 1 1 0 
1 0 1 1 1 1 1 0 0 1 0 0 1 0 1 0 1 1 0 1 
0 1 0 0 0 0 0 0 0 1 0 1 1 0 0 0 0 0 1 1 
0 1 0 1 0 1 0 1 1 0 1 0 1 0 1 0 0 0 1 0 
0 1 0 0 0 1 1 0 0 1 0 1 0 0 0 0 0 0 0 1 
0 1 1 0 1 0 1 0 1 1 1 0 0 0 0 0 1 0 0 1 
1 0 1 1 0 0 0 0 1 1 0 0 1 1 0 1 0 0 0 0 
0 0 0 1 1 0 1 0 0 0 1 1 1 1 0 0 1 1 1 0 
1 1 0 0 1 1 0 0 0 1 0 1 1 0 0 1 0 1 1 0 
0 0 0 0 1 1 1 1 1 1 1 0 1 0 1 1 1 1 1 1 
1 1 0 1 0 1 1 1 1 0 0 0 1 0 1 1 0 1 1 0 
0 0 1 1 1 1 1 0 0 1 0 1 1 0 0 1 1 1 1 0 
0 0 0 1 1 0 0 0 0 0 0 1 1 1 0 0 1 1 1 0 
0 0 1 0 1 1 0 0 1 1 0 1 0 0 1 1 0 1 0 0 
1 0 0 0 1 0 1 1 1 0 1 1 1 1 1 0 0 1 0 1 
1 0 0 1 0 1 0 1 1 0 1 1 1 1 0 1 0 1 1 0 
0 0 1 0 0 0 1 0 0 1 0 0 0 1 0 0 0 1 1 0 
1 1 1 0 1 1 1 1 0 0 1 0 0 0 0 1 0 1 0 1 
0 0 1 1 0 1 0 1 0 0 0 1 0 0 0 0 0 0 0 0 
0 0 1 0 1 0 0 0 1 0 1 1 1 1 1 1 1 0 0 0 
