20 
24 
2 
2 

89 
63 
92 
38 
23 
88 
49 
54 
51 
43 
33 
63 
38 
13 
74 
26 
27 
76 
21 
37 

95 
99 
98 
21 
10 
81 
71 
41 
41 
54 
58 
100 
96 
82 
27 
24 
12 
34 
43 
98 
43 
54 
28 
93 

0 1 1 1 1 1 0 0 0 1 1 1 1 1 1 0 0 1 0 1 
1 0 1 0 0 0 0 0 1 1 0 0 1 0 0 1 1 0 0 0 
0 1 1 1 0 1 0 0 0 0 0 1 0 0 0 0 0 1 0 0 
0 1 0 1 1 0 0 1 0 0 0 1 0 1 0 0 0 1 1 0 
1 1 1 0 1 1 0 1 1 0 0 1 0 1 0 1 1 1 1 1 
0 1 0 1 1 0 0 0 0 0 1 0 1 0 0 0 0 0 0 1 
0 1 0 1 0 1 0 0 1 1 0 1 1 1 1 1 1 0 1 0 
0 0 1 1 0 1 0 1 1 0 0 0 1 0 0 0 0 0 1 1 
0 1 1 0 1 0 1 1 0 0 0 1 0 1 0 0 0 1 1 0 
0 0 0 1 1 1 0 1 1 0 0 0 1 1 1 0 1 0 1 0 
0 0 1 0 0 0 1 0 1 1 1 0 1 0 1 0 0 0 0 1 
0 0 1 0 1 0 1 0 1 0 1 0 1 1 1 1 0 0 1 1 
0 1 1 1 0 1 0 0 1 0 0 1 0 1 0 0 1 1 0 0 
1 1 1 0 1 0 0 0 0 1 0 0 0 1 0 0 0 0 0 1 
1 0 1 0 0 1 1 0 1 0 0 1 0 0 1 1 0 1 1 0 
1 0 1 1 1 0 0 0 0 1 0 1 1 1 1 1 0 0 1 0 
1 0 1 1 0 1 0 0 0 1 1 1 1 1 0 1 0 0 0 1 
0 0 0 0 1 1 1 0 0 0 0 0 0 0 0 1 0 1 0 1 
1 1 0 0 1 0 0 1 1 1 1 1 1 1 0 1 0 1 1 0 
1 0 1 0 1 1 0 1 0 1 0 1 0 0 1 0 1 1 1 1 
1 0 0 1 0 1 1 1 0 0 1 0 0 1 0 0 1 1 1 1 
1 0 0 1 0 1 1 1 0 1 0 1 0 0 1 0 1 0 0 0 
0 0 0 0 0 1 0 0 1 1 1 0 1 1 1 0 1 0 1 0 
0 0 0 0 0 1 1 1 0 0 0 0 1 1 1 0 1 0 1 1 
