20 
17 
2 
2 

45 
85 
28 
93 
81 
75 
100 
86 
31 
39 
75 
19 
64 
22 
91 
32 
96 
81 
49 
33 

43 
61 
36 
88 
94 
13 
39 
40 
67 
16 
30 
93 
33 
89 
36 
31 
26 

0 1 1 1 1 1 0 1 0 0 0 0 1 1 1 1 1 0 0 0 
0 0 0 1 1 0 0 0 0 1 1 1 1 0 0 1 1 1 0 1 
1 1 1 0 0 0 1 1 1 0 0 1 0 0 0 0 1 1 1 1 
1 0 1 1 1 0 0 0 1 1 0 1 1 0 1 0 1 1 1 1 
0 1 0 1 0 1 0 1 1 1 1 1 0 1 1 0 0 0 1 1 
1 0 0 1 0 1 1 0 1 0 0 1 0 0 1 0 1 1 1 1 
1 1 0 1 0 0 0 0 1 0 0 1 1 0 0 0 1 1 0 0 
1 0 1 1 1 1 0 1 0 0 0 0 1 1 0 1 1 0 0 1 
0 0 1 1 0 0 0 1 1 0 1 0 0 1 0 0 1 0 0 1 
1 0 1 1 0 0 0 1 0 1 1 0 0 1 0 1 1 0 0 0 
1 1 1 0 1 1 0 0 1 1 0 0 0 1 0 0 0 0 1 1 
0 1 0 1 1 1 0 1 0 0 0 0 0 1 1 0 1 1 0 0 
1 0 1 1 0 0 1 1 1 1 1 1 1 0 1 1 0 1 1 1 
1 0 0 0 1 1 1 1 1 0 1 0 1 1 1 0 0 1 0 1 
0 0 0 1 0 1 0 0 1 0 0 1 1 0 1 0 1 1 1 1 
0 1 1 1 1 0 1 0 0 0 1 0 0 1 0 1 1 0 0 1 
1 1 1 0 1 0 0 1 0 1 1 1 1 0 1 0 1 1 0 0 
