20 
16 
2 
2 

72 
58 
43 
47 
63 
75 
25 
16 
55 
49 
96 
47 
32 
46 
67 
63 
81 
66 
67 
43 

25 
77 
45 
70 
38 
16 
14 
50 
73 
81 
31 
69 
89 
29 
21 
83 

0 0 1 0 1 0 0 1 0 1 0 1 0 1 0 1 1 1 0 1 
0 1 1 1 1 0 1 0 1 0 0 1 0 1 0 1 1 0 0 0 
1 1 1 0 1 1 1 1 1 0 1 0 1 1 1 0 0 0 1 0 
1 1 0 0 1 1 0 0 1 1 1 0 1 0 0 0 1 0 1 1 
0 0 0 0 0 0 1 0 1 1 1 1 1 0 0 1 1 0 0 1 
0 0 0 1 1 1 0 0 0 0 0 0 1 0 1 1 1 0 0 0 
0 0 1 1 1 1 1 1 0 0 1 1 0 1 0 0 0 0 0 0 
1 0 0 1 0 1 1 0 0 0 0 1 0 1 1 0 1 1 1 0 
1 0 0 1 1 0 0 1 1 0 1 1 0 0 0 1 1 0 0 1 
0 1 1 1 1 0 1 1 0 0 1 0 1 1 1 0 0 0 0 0 
0 0 1 1 1 1 0 1 0 1 1 0 1 0 1 0 0 0 0 0 
1 1 0 1 0 1 1 1 0 0 1 1 1 0 1 1 1 1 0 1 
0 1 0 0 0 1 0 0 1 1 1 0 1 1 0 1 0 1 1 1 
0 1 0 0 1 1 1 0 0 1 1 1 0 1 1 0 1 1 0 1 
0 0 0 0 1 1 0 0 1 1 0 0 0 1 1 1 0 0 1 1 
0 1 0 1 1 0 0 0 0 0 0 0 1 1 0 1 0 0 1 0 
