20 
21 
2 
2 

59 
56 
65 
54 
29 
32 
62 
80 
38 
46 
64 
31 
92 
24 
63 
33 
89 
93 
19 
98 

13 
13 
58 
12 
40 
27 
34 
98 
96 
84 
69 
15 
72 
67 
64 
21 
29 
56 
53 
17 
42 

1 0 1 0 0 0 0 1 0 0 1 0 0 1 1 0 0 0 0 0 
1 0 0 0 0 1 1 1 1 1 1 0 0 0 0 1 0 0 0 0 
0 1 1 0 1 0 0 0 1 0 1 0 0 1 0 0 0 1 0 0 
0 1 1 1 0 0 0 0 1 1 1 1 1 0 0 0 0 0 0 0 
0 1 0 0 0 0 0 1 0 1 1 0 1 0 1 1 0 1 0 0 
1 0 0 0 0 1 1 0 0 0 0 1 0 1 0 1 1 0 1 1 
1 1 0 0 0 1 1 0 1 1 1 0 1 0 0 1 0 0 0 1 
0 0 1 0 1 0 0 0 0 0 0 1 1 0 0 1 1 1 0 0 
0 1 0 0 1 0 1 0 0 1 1 1 0 1 1 1 0 0 0 0 
1 1 1 0 1 0 1 0 0 0 1 1 1 0 0 1 0 1 1 1 
0 0 1 0 0 0 0 0 1 1 0 0 1 1 0 0 1 1 1 1 
1 1 1 1 0 0 0 1 1 1 1 0 0 1 1 1 1 0 1 1 
0 0 1 0 0 0 1 0 0 1 0 1 1 1 0 1 1 1 1 1 
1 1 0 1 1 1 1 0 0 0 0 1 1 0 1 0 0 0 0 0 
1 1 0 0 1 0 0 0 0 0 0 1 0 1 0 0 0 0 1 1 
0 1 1 0 1 1 0 0 1 0 1 1 1 0 1 0 1 1 1 0 
1 0 0 0 0 1 0 0 1 1 0 1 1 1 1 0 0 0 0 1 
1 0 0 0 0 0 1 1 0 1 1 0 0 1 0 0 1 0 1 1 
1 1 1 1 1 0 1 1 0 0 0 1 0 1 0 0 1 0 1 0 
1 0 0 1 1 0 0 0 0 1 0 1 1 0 0 1 0 0 0 1 
1 0 0 0 1 0 0 0 0 0 0 0 1 0 0 1 0 0 0 0 
