20 
17 
2 
2 

81 
88 
39 
32 
83 
74 
70 
74 
20 
89 
53 
17 
23 
39 
10 
75 
15 
48 
83 
12 

57 
81 
83 
41 
46 
88 
10 
25 
44 
64 
21 
13 
73 
58 
78 
23 
16 

0 1 1 1 1 1 1 0 0 1 1 0 1 1 1 1 1 0 1 0 
1 1 1 0 0 0 1 0 0 1 1 1 0 0 1 0 1 0 1 1 
1 1 0 1 0 1 0 0 0 0 1 0 1 0 0 0 1 0 1 1 
1 1 0 0 0 1 0 0 0 0 0 1 0 1 0 1 1 0 0 1 
0 0 1 1 0 1 1 1 0 0 1 0 1 0 1 0 1 1 1 0 
0 1 0 0 0 1 1 0 1 0 0 0 1 0 1 1 0 0 0 0 
0 0 1 1 1 0 0 1 1 1 0 1 1 1 1 0 1 0 0 1 
0 1 0 0 1 1 1 0 1 1 1 0 1 1 0 1 1 0 1 1 
1 0 0 1 0 1 1 0 1 1 1 0 1 1 1 1 1 0 0 1 
1 1 1 0 1 1 0 0 1 0 1 0 1 1 1 0 1 1 0 0 
1 0 1 1 0 0 1 0 0 1 0 1 1 1 1 0 0 1 0 1 
1 0 1 1 0 0 0 1 1 1 0 0 0 0 1 1 1 1 0 1 
0 0 0 1 1 1 1 1 0 1 0 1 0 1 1 0 0 1 1 1 
1 0 0 1 1 1 1 1 0 0 1 1 0 0 1 0 1 1 0 0 
0 1 0 1 0 0 1 1 0 0 0 1 1 0 1 1 0 1 1 1 
0 0 1 0 0 1 0 1 1 1 1 0 1 0 0 1 1 0 0 0 
1 0 1 1 1 0 1 1 1 0 0 0 1 0 1 1 0 1 0 1 
