20 
21 
2 
2 

16 
90 
94 
71 
59 
27 
66 
44 
94 
68 
71 
94 
70 
31 
33 
30 
17 
26 
75 
100 

23 
30 
35 
77 
99 
80 
73 
96 
17 
29 
70 
82 
68 
13 
35 
17 
89 
96 
76 
12 
78 

1 1 1 1 0 0 0 1 0 1 1 1 1 0 0 0 1 0 1 0 
0 1 0 0 0 1 0 1 0 1 1 1 1 1 0 1 0 0 0 1 
1 1 0 0 1 1 1 0 0 0 0 1 0 1 1 1 0 1 0 1 
0 1 0 0 0 0 0 0 1 0 1 1 1 1 1 1 0 0 1 0 
0 0 1 0 1 1 1 0 0 1 1 1 1 0 0 0 1 0 0 0 
0 1 1 1 1 1 1 1 1 0 0 1 1 1 1 1 0 1 0 1 
1 1 1 0 1 1 1 0 1 1 0 0 1 1 1 0 1 0 0 1 
0 0 1 0 1 1 1 1 0 1 1 1 1 0 1 0 0 0 0 0 
0 0 0 0 1 0 0 0 0 1 0 0 1 0 0 1 0 0 1 1 
0 0 0 1 1 0 0 1 1 1 1 1 1 0 0 0 0 1 0 1 
1 0 0 0 1 0 0 1 0 1 0 0 0 1 0 0 1 0 1 1 
1 1 0 1 1 1 1 0 0 1 1 0 1 1 0 0 0 0 1 1 
0 0 1 0 1 0 1 0 1 0 0 1 0 0 1 0 1 0 0 1 
1 0 0 1 0 0 0 0 1 0 1 1 0 1 0 0 1 1 1 1 
0 0 0 1 1 0 1 0 1 1 1 1 1 0 1 0 0 0 0 1 
0 0 0 0 0 1 1 0 0 1 1 0 0 0 1 0 1 1 0 1 
1 1 1 1 1 1 0 0 0 0 1 1 1 0 1 0 1 1 0 1 
1 1 1 1 1 1 1 1 0 0 0 1 0 0 0 0 1 0 1 1 
1 0 1 0 1 1 0 0 0 0 1 0 1 1 1 0 0 0 1 0 
1 1 0 0 0 0 1 0 0 0 1 1 0 1 0 1 0 0 1 0 
0 1 1 1 0 1 0 0 0 1 1 1 0 0 1 0 1 0 1 1 
