20 
18 
2 
2 

84 
40 
27 
20 
97 
88 
87 
17 
79 
88 
25 
69 
43 
84 
93 
24 
85 
50 
99 
77 

61 
80 
54 
92 
71 
89 
84 
92 
51 
35 
92 
20 
17 
75 
57 
98 
100 
90 

1 1 0 1 1 1 1 0 1 0 0 0 0 1 0 0 0 1 1 1 
0 1 0 1 0 0 0 1 0 1 1 1 1 0 0 0 0 0 0 0 
1 0 0 1 0 0 0 0 1 1 1 1 0 1 1 1 0 1 1 1 
0 1 1 0 1 0 0 0 0 0 1 1 1 0 1 0 1 0 0 1 
1 1 1 0 0 1 0 0 1 1 0 0 1 0 1 1 1 1 0 1 
1 1 0 0 0 1 1 1 1 0 1 0 1 1 0 1 0 1 0 0 
1 0 0 0 1 1 1 0 1 0 1 1 1 0 1 0 1 1 1 0 
1 1 0 1 0 0 0 0 1 1 1 1 1 1 0 0 1 0 0 1 
0 1 0 0 0 0 1 0 0 1 1 0 1 0 0 0 1 0 1 0 
0 0 0 0 0 0 1 1 0 0 1 1 1 1 0 1 1 0 0 1 
0 1 1 0 1 0 1 0 0 0 1 1 0 1 1 1 0 1 0 0 
1 0 0 1 1 1 1 1 1 1 0 1 1 0 1 0 1 0 0 0 
1 1 0 1 1 0 1 0 0 1 1 0 1 0 1 0 0 0 0 1 
0 0 1 1 0 0 0 0 1 0 0 1 0 1 1 1 1 0 0 1 
0 0 0 0 0 0 1 0 1 0 1 1 0 0 0 1 1 1 0 0 
0 0 0 0 0 1 1 0 0 0 1 0 1 0 1 1 1 1 0 0 
0 0 0 0 1 0 1 0 0 1 0 1 0 0 1 0 0 0 0 0 
1 0 0 1 1 1 0 1 1 0 1 1 0 1 0 0 0 1 1 0 
