20 
24 
2 
2 

68 
78 
22 
17 
81 
39 
59 
31 
59 
46 
75 
86 
63 
36 
35 
74 
48 
15 
77 
51 

25 
14 
36 
16 
78 
15 
49 
43 
23 
59 
50 
13 
84 
34 
25 
68 
19 
42 
45 
50 
98 
76 
38 
91 

1 1 0 1 1 1 0 0 1 0 1 1 0 1 1 1 1 0 0 1 
0 1 0 0 0 1 0 0 1 0 0 0 1 0 0 0 0 1 0 1 
0 0 1 1 0 1 0 1 0 0 0 0 0 1 0 1 1 0 0 1 
0 1 1 1 1 1 1 1 0 1 0 0 1 0 1 0 0 1 0 0 
0 0 1 0 0 1 0 1 1 0 1 0 1 0 0 0 1 1 1 0 
1 1 1 0 1 0 1 0 1 0 1 0 0 0 1 0 1 0 0 0 
0 0 1 0 0 1 1 1 1 1 0 0 0 1 1 0 0 1 0 1 
0 1 1 1 1 1 1 0 1 1 0 0 1 0 1 1 0 1 1 0 
1 1 1 0 1 0 1 1 0 1 0 0 1 1 1 1 1 1 1 0 
1 0 0 0 0 1 0 0 0 0 0 1 0 1 1 1 1 0 0 0 
0 1 1 0 0 1 1 1 1 1 0 0 1 0 1 0 1 1 0 1 
1 0 0 1 0 1 1 1 0 0 1 0 0 0 0 0 1 0 1 0 
0 1 0 0 0 1 1 1 0 1 1 0 0 0 1 0 0 1 0 0 
0 1 0 1 0 1 1 1 1 1 1 1 0 0 1 1 0 0 1 0 
1 0 0 0 1 1 0 1 0 0 0 1 0 0 1 1 0 0 1 1 
1 0 0 0 1 0 1 0 1 1 1 0 0 0 0 0 0 1 1 0 
0 0 1 1 0 1 0 0 0 0 1 0 0 0 0 0 0 1 1 1 
0 1 1 1 0 1 1 1 0 0 1 0 1 1 0 1 0 1 0 1 
0 0 0 0 0 0 1 0 0 1 0 0 0 1 0 1 0 1 0 0 
1 0 1 0 0 0 1 1 0 1 1 0 0 1 1 1 1 1 1 0 
1 0 0 0 1 0 1 0 0 0 1 0 0 0 0 1 1 1 0 1 
1 0 0 0 1 1 0 0 1 1 0 0 0 0 1 1 0 1 0 0 
0 1 0 0 0 0 1 1 1 0 1 0 1 1 1 0 0 0 1 1 
0 1 0 1 0 0 1 0 0 1 1 0 0 1 1 0 0 0 1 0 
