20 
21 
2 
2 

56 
58 
91 
73 
75 
75 
30 
25 
51 
94 
10 
18 
87 
54 
89 
37 
45 
62 
20 
79 

38 
68 
12 
25 
49 
30 
97 
92 
88 
12 
82 
92 
74 
30 
47 
99 
39 
64 
58 
51 
30 

1 0 1 0 0 1 0 1 1 0 1 1 1 1 1 0 1 0 1 0 
1 0 0 1 0 0 1 0 0 0 1 0 0 0 1 0 1 1 1 1 
0 1 0 0 0 0 1 0 1 0 1 0 1 0 1 1 1 0 1 0 
0 1 1 0 1 1 0 0 0 1 1 0 0 1 0 0 1 1 1 0 
1 0 0 1 0 0 0 0 0 1 0 1 0 1 0 1 1 1 1 0 
0 1 0 0 0 1 1 1 0 1 0 1 1 0 0 1 0 0 1 0 
1 0 1 0 0 0 0 1 0 1 0 1 1 0 1 1 0 0 1 1 
1 0 1 1 0 1 1 0 1 1 0 1 0 0 1 1 1 1 1 0 
1 1 1 1 1 1 0 0 1 1 0 0 1 0 1 1 1 0 0 0 
0 1 0 1 1 1 0 0 0 0 1 0 1 1 0 0 0 0 1 0 
0 1 1 0 1 0 0 1 1 1 1 0 0 1 0 1 1 1 0 0 
0 0 1 0 1 1 1 0 0 1 0 0 1 0 0 1 1 1 0 0 
0 0 1 0 0 1 0 0 1 1 0 1 0 0 1 0 1 1 1 0 
1 1 1 0 0 1 1 1 0 0 1 1 0 1 1 1 1 1 1 0 
0 0 0 1 1 1 0 1 0 1 1 1 1 1 1 0 0 1 0 1 
0 0 0 0 1 1 1 0 1 1 1 1 0 1 1 1 1 1 0 1 
0 1 0 0 1 0 0 0 0 0 1 1 1 0 0 0 1 1 0 1 
0 1 0 1 1 0 0 0 1 0 1 0 0 0 0 0 0 1 0 0 
0 1 0 0 1 0 1 0 0 0 0 0 1 1 0 1 1 0 0 1 
1 1 1 0 1 0 1 0 1 1 0 1 0 0 1 0 0 0 0 0 
0 0 1 1 0 0 0 0 1 0 0 1 0 0 1 0 1 0 0 0 
