20 
20 
2 
2 

33 
33 
18 
61 
11 
23 
53 
19 
47 
93 
41 
20 
74 
19 
46 
70 
22 
85 
21 
63 

15 
55 
94 
83 
28 
41 
58 
99 
55 
41 
29 
26 
19 
27 
13 
31 
59 
28 
100 
38 

0 0 1 1 0 1 0 1 0 1 0 0 1 1 1 1 0 0 0 0 
1 1 0 1 0 0 0 1 0 1 1 1 1 0 0 1 0 0 1 1 
0 1 1 0 1 1 0 0 1 0 1 0 0 0 0 0 1 1 1 0 
1 1 1 0 0 1 0 0 1 0 0 1 1 0 0 0 0 1 1 1 
0 1 1 0 1 1 1 0 0 0 0 1 1 0 0 0 1 1 0 1 
0 0 0 0 1 1 0 1 0 0 0 1 0 0 1 1 0 1 1 1 
1 1 0 0 0 0 1 0 0 0 0 1 0 0 1 0 0 1 1 0 
1 0 0 0 1 0 1 0 0 0 0 1 0 1 0 1 1 1 1 0 
1 0 1 0 1 1 0 0 0 0 0 1 1 1 0 1 1 1 1 0 
0 1 0 1 0 0 0 0 1 1 0 1 1 0 1 1 1 1 1 1 
0 1 1 1 1 1 0 1 0 1 1 1 1 1 1 1 0 0 1 0 
0 0 1 0 0 0 0 0 1 0 1 1 1 1 1 1 0 0 1 0 
1 1 1 0 1 0 1 0 1 1 0 1 1 1 1 1 0 1 1 1 
1 0 1 1 1 0 0 1 1 0 1 0 0 1 0 1 1 1 1 1 
1 0 1 1 0 0 1 1 1 1 1 1 0 0 1 0 1 0 1 1 
0 0 0 1 1 0 0 0 0 0 0 1 0 1 1 1 0 0 1 1 
0 0 0 0 1 0 1 1 1 1 1 0 0 1 1 0 1 0 1 1 
1 1 1 0 1 0 0 1 0 0 1 0 1 0 0 1 1 0 0 0 
0 0 0 1 0 1 0 0 1 0 1 0 1 0 1 0 1 1 0 0 
1 1 0 1 1 0 1 0 1 0 0 0 0 0 0 1 1 0 1 0 
