20 
22 
2 
2 

61 
37 
81 
55 
20 
45 
45 
40 
17 
43 
47 
94 
36 
86 
100 
47 
73 
97 
49 
72 

37 
98 
73 
12 
21 
34 
90 
88 
69 
84 
59 
57 
64 
26 
98 
25 
52 
57 
82 
99 
75 
48 

0 0 1 0 1 1 0 0 1 0 1 0 0 1 1 1 1 0 0 0 
0 1 0 1 1 0 1 1 1 0 0 0 1 0 0 1 1 0 1 0 
0 0 0 1 0 0 1 1 1 0 1 0 1 1 1 1 1 1 1 1 
0 0 0 0 1 1 1 0 0 1 0 1 1 0 1 1 1 0 1 1 
0 0 0 0 0 0 0 1 0 0 0 1 0 1 0 1 0 0 0 0 
0 0 1 0 0 0 0 1 1 0 1 1 1 0 0 1 1 1 0 0 
0 0 1 0 1 0 0 1 1 1 0 0 1 1 1 0 0 1 1 0 
1 0 1 1 1 1 0 0 0 1 1 1 1 1 0 1 1 1 1 1 
1 0 0 0 1 1 0 1 1 0 1 1 0 0 1 0 0 0 0 0 
0 0 1 0 0 1 0 0 0 1 1 0 0 0 1 0 1 0 1 0 
0 1 0 1 0 1 1 0 0 0 0 0 0 1 1 0 0 0 1 1 
1 0 1 0 1 0 0 0 1 1 1 0 1 0 0 0 1 0 0 1 
0 1 0 1 1 0 0 0 1 1 0 1 1 1 0 1 1 0 0 0 
0 1 1 1 0 1 0 1 0 0 0 0 1 0 0 1 0 1 1 1 
0 0 0 1 1 0 0 1 1 1 1 1 1 1 1 1 0 1 0 1 
0 1 0 1 0 0 0 1 1 0 1 1 1 0 0 0 0 1 1 0 
0 0 1 0 1 1 1 0 1 1 1 1 0 0 1 0 1 1 0 1 
0 1 0 1 0 0 0 0 0 1 0 1 0 0 1 1 0 1 1 1 
0 1 0 1 0 0 0 1 0 0 0 1 1 1 0 0 0 0 0 0 
0 1 1 1 0 0 1 1 0 0 1 1 0 0 0 0 0 0 0 0 
0 0 0 1 0 0 1 0 1 0 1 0 0 1 0 1 0 1 0 1 
0 1 1 1 1 0 0 0 0 1 0 0 1 0 0 0 1 0 1 1 
