20 
22 
2 
2 

54 
85 
12 
83 
61 
37 
14 
100 
10 
80 
77 
44 
54 
94 
45 
98 
57 
18 
84 
29 

60 
36 
84 
85 
30 
68 
18 
47 
18 
23 
29 
53 
17 
31 
10 
91 
60 
25 
94 
59 
13 
57 

1 0 0 1 1 1 0 0 1 1 0 1 0 1 0 1 1 0 0 1 
1 0 1 0 1 1 1 0 0 1 1 0 1 1 1 0 0 0 0 0 
1 0 0 0 1 1 0 0 0 1 0 1 0 0 0 0 0 1 1 1 
0 0 1 0 0 1 0 0 0 0 0 1 1 0 0 1 0 0 1 0 
1 1 0 0 0 0 0 1 1 0 0 1 0 1 0 1 1 1 1 0 
0 1 0 1 0 0 0 1 0 0 0 1 1 1 1 1 1 0 1 0 
0 0 0 1 1 1 1 1 0 0 1 1 0 0 1 1 0 1 1 1 
1 0 0 1 1 1 0 1 1 1 1 0 0 1 1 0 1 1 0 1 
0 0 0 1 0 1 0 1 0 0 0 0 0 0 1 0 1 1 0 0 
0 1 1 0 1 1 1 1 0 0 1 0 1 1 0 0 1 0 0 0 
1 1 0 0 1 1 0 1 0 0 0 1 1 0 1 1 0 0 0 0 
1 1 1 1 1 0 1 0 0 1 0 0 0 0 0 0 0 0 1 1 
1 1 1 1 0 0 0 0 1 1 0 1 0 1 0 1 1 1 0 0 
0 0 1 1 1 1 1 1 0 0 0 0 0 0 0 1 1 1 1 0 
1 0 1 1 0 1 0 0 0 0 0 1 0 1 1 0 0 0 1 1 
1 1 1 1 0 1 0 1 1 1 1 0 1 1 0 1 1 1 0 0 
0 1 0 1 1 0 1 1 1 1 1 1 0 1 1 1 0 1 0 0 
0 1 1 1 0 0 1 0 0 1 1 0 1 1 1 0 0 1 0 1 
1 1 0 0 1 1 0 0 0 1 1 1 0 1 0 1 1 0 1 1 
1 0 0 1 0 1 0 1 1 0 1 0 0 1 1 1 0 1 1 0 
1 0 0 0 0 1 1 0 1 1 1 0 0 1 0 0 1 1 0 1 
1 1 1 1 1 0 1 0 1 1 1 1 1 1 1 0 0 1 1 0 
