20 
19 
4 
4 

15 
81 
36 
50 
37 
57 
66 
80 
72 
99 
64 
84 
74 
12 
92 
50 
20 
86 
28 
25 

50 
70 
97 
85 
56 
67 
85 
50 
79 
67 
42 
11 
59 
38 
23 
59 
27 
46 
31 

0 0 0 1 1 1 0 1 1 1 0 1 0 0 0 1 0 0 0 0 
1 0 1 1 0 0 0 1 0 0 0 0 1 0 1 0 1 0 1 0 
1 1 0 0 1 1 0 1 1 1 0 1 1 0 1 0 0 1 0 1 
0 0 0 1 0 0 0 0 0 1 0 0 1 0 0 1 0 0 0 1 
1 0 0 1 0 1 1 0 1 1 1 1 1 0 0 0 1 1 0 0 
1 0 1 0 1 1 0 1 0 0 1 0 0 0 1 1 0 1 1 1 
0 0 0 0 0 1 1 1 0 0 1 0 1 0 0 0 0 1 0 0 
1 1 1 0 0 0 1 1 0 1 0 1 0 0 0 1 0 0 0 1 
1 0 0 1 0 1 0 1 0 1 1 1 0 1 0 0 0 0 0 0 
1 1 1 0 0 0 1 0 0 1 1 1 0 1 1 0 1 1 1 1 
1 1 0 1 0 0 0 1 0 0 0 1 0 0 0 0 0 1 1 1 
1 0 1 1 0 1 1 1 0 0 0 1 0 0 0 0 0 1 1 1 
1 1 0 0 0 0 0 0 0 0 1 1 0 0 1 1 0 1 1 1 
1 0 0 1 0 0 0 1 1 1 1 0 0 1 1 0 1 0 0 1 
0 1 1 0 1 0 0 1 0 0 1 0 1 1 0 1 1 1 1 1 
0 1 0 1 1 0 1 1 0 0 0 0 1 0 0 0 1 1 0 1 
1 0 1 1 1 1 0 1 1 1 1 1 1 0 1 1 0 1 0 1 
0 0 0 1 0 0 0 0 0 1 0 1 0 0 1 0 0 1 1 0 
0 1 0 1 0 0 1 0 0 1 0 1 0 1 1 1 1 1 0 1 
